25771472964,ns,duration_time,25771472964,100,00,,
1814,16,Joules,energy-pkg,25771239131,100,00,,
1503,85,Joules,energy-cores,25771239213,100,00,,
26250890439,ns,duration_time,26250890439,100,00,,
1865,48,Joules,energy-pkg,26250655812,100,00,,
1550,94,Joules,energy-cores,26250656129,100,00,,
25278820673,ns,duration_time,25278820673,100,00,,
1819,22,Joules,energy-pkg,25278579911,100,00,,
1515,57,Joules,energy-cores,25278580228,100,00,,
25796467916,ns,duration_time,25796467916,100,00,,
1838,21,Joules,energy-pkg,25796232009,100,00,,
1529,35,Joules,energy-cores,25796232077,100,00,,
25506918122,ns,duration_time,25506918122,100,00,,
1832,27,Joules,energy-pkg,25506694452,100,00,,
1526,24,Joules,energy-cores,25506694977,100,00,,
