75222428587,ns,duration_time,75222428587,100,00,,
2404,46,Joules,energy-pkg,75221737017,100,00,,
1443,72,Joules,energy-cores,75221737267,100,00,,
75274206830,ns,duration_time,75274206830,100,00,,
2406,31,Joules,energy-pkg,75273528891,100,00,,
1445,20,Joules,energy-cores,75273529224,100,00,,
75797093736,ns,duration_time,75797093736,100,00,,
2421,06,Joules,energy-pkg,75796373921,100,00,,
1452,62,Joules,energy-cores,75796374024,100,00,,
75775685334,ns,duration_time,75775685334,100,00,,
2421,37,Joules,energy-pkg,75774987094,100,00,,
1453,89,Joules,energy-cores,75774986888,100,00,,
75360896279,ns,duration_time,75360896279,100,00,,
2405,85,Joules,energy-pkg,75360228738,100,00,,
1447,19,Joules,energy-cores,75360228596,100,00,,
