75408928806,ns,duration_time,75408928806,100,00,,
2406,12,Joules,energy-pkg,75408249265,100,00,,
1440,31,Joules,energy-cores,75408249089,100,00,,
76451607485,ns,duration_time,76451607485,100,00,,
2427,35,Joules,energy-pkg,76450868825,100,00,,
1448,61,Joules,energy-cores,76450868817,100,00,,
75615379617,ns,duration_time,75615379617,100,00,,
2410,44,Joules,energy-pkg,75614682526,100,00,,
1441,58,Joules,energy-cores,75614682358,100,00,,
76740457829,ns,duration_time,76740457829,100,00,,
2435,92,Joules,energy-pkg,76739769788,100,00,,
1453,94,Joules,energy-cores,76739780815,100,00,,
76386852011,ns,duration_time,76386852011,100,00,,
2431,63,Joules,energy-pkg,76386155098,100,00,,
1455,03,Joules,energy-cores,76386163992,100,00,,
