86896550338,ns,duration_time,86896550338,100,00,,
2699,82,Joules,energy-pkg,86895754889,100,00,,
1607,78,Joules,energy-cores,86895755774,100,00,,
87902463917,ns,duration_time,87902463917,100,00,,
2718,83,Joules,energy-pkg,87901595467,100,00,,
1615,28,Joules,energy-cores,87901596608,100,00,,
87027518423,ns,duration_time,87027518423,100,00,,
2699,68,Joules,energy-pkg,87026699852,100,00,,
1605,05,Joules,energy-cores,87026700887,100,00,,
86787424097,ns,duration_time,86787424097,100,00,,
2694,14,Joules,energy-pkg,86786649547,100,00,,
1601,69,Joules,energy-cores,86786650815,100,00,,
86957745081,ns,duration_time,86957745081,100,00,,
2691,34,Joules,energy-pkg,86956939162,100,00,,
1600,20,Joules,energy-cores,86956949275,100,00,,
