76140036334,ns,duration_time,76140036334,100,00,,
2433,28,Joules,energy-pkg,76139341903,100,00,,
1462,10,Joules,energy-cores,76139342124,100,00,,
76173621603,ns,duration_time,76173621603,100,00,,
2435,30,Joules,energy-pkg,76172848045,100,00,,
1467,96,Joules,energy-cores,76172857132,100,00,,
75872497756,ns,duration_time,75872497756,100,00,,
2424,39,Joules,energy-pkg,75871781746,100,00,,
1461,68,Joules,energy-cores,75871781967,100,00,,
75880322545,ns,duration_time,75880322545,100,00,,
2423,79,Joules,energy-pkg,75879698390,100,00,,
1456,06,Joules,energy-cores,75879699152,100,00,,
75197794094,ns,duration_time,75197794094,100,00,,
2403,50,Joules,energy-pkg,75197123402,100,00,,
1443,21,Joules,energy-cores,75197123530,100,00,,
