77825133738,ns,duration_time,77825133738,100,00,,
3424,03,Joules,energy-pkg,77824422442,100,00,,
2533,67,Joules,energy-cores,77824423049,100,00,,
76383287016,ns,duration_time,76383287016,100,00,,
3377,53,Joules,energy-pkg,76382473476,100,00,,
2503,70,Joules,energy-cores,76382473365,100,00,,
76749990127,ns,duration_time,76749990127,100,00,,
3376,35,Joules,energy-pkg,76749258444,100,00,,
2500,37,Joules,energy-cores,76749259383,100,00,,
80855365034,ns,duration_time,80855365034,100,00,,
3507,99,Joules,energy-pkg,80854690846,100,00,,
2587,50,Joules,energy-cores,80854691098,100,00,,
79641557182,ns,duration_time,79641557182,100,00,,
3460,86,Joules,energy-pkg,79640844270,100,00,,
2553,70,Joules,energy-cores,79640844248,100,00,,
