74963622394,ns,duration_time,74963622394,100,00,,
2394,39,Joules,energy-pkg,74962944826,100,00,,
1442,94,Joules,energy-cores,74962944825,100,00,,
76106623586,ns,duration_time,76106623586,100,00,,
2432,19,Joules,energy-pkg,76105835237,100,00,,
1464,43,Joules,energy-cores,76105844403,100,00,,
76120655826,ns,duration_time,76120655826,100,00,,
2430,34,Joules,energy-pkg,76119936261,100,00,,
1462,56,Joules,energy-cores,76119945484,100,00,,
75542607593,ns,duration_time,75542607593,100,00,,
2412,13,Joules,energy-pkg,75541964100,100,00,,
1456,32,Joules,energy-cores,75541964400,100,00,,
75783496544,ns,duration_time,75783496544,100,00,,
2419,26,Joules,energy-pkg,75782804836,100,00,,
1455,16,Joules,energy-cores,75782805911,100,00,,
