24184329439,ns,duration_time,24184329439,100,00,,
1799,31,Joules,energy-pkg,24184155918,100,00,,
1506,07,Joules,energy-cores,24184156598,100,00,,
24682999820,ns,duration_time,24682999820,100,00,,
1840,55,Joules,energy-pkg,24682823085,100,00,,
1543,01,Joules,energy-cores,24682823210,100,00,,
24438123093,ns,duration_time,24438123093,100,00,,
1838,81,Joules,energy-pkg,24437948356,100,00,,
1543,56,Joules,energy-cores,24437948549,100,00,,
24087752699,ns,duration_time,24087752699,100,00,,
1829,89,Joules,energy-pkg,24087581001,100,00,,
1538,65,Joules,energy-cores,24087581099,100,00,,
24344879014,ns,duration_time,24344879014,100,00,,
1853,61,Joules,energy-pkg,24344707085,100,00,,
1558,83,Joules,energy-cores,24344707491,100,00,,
