46004935757,ns,duration_time,46004935757,100,00,,
2220,81,Joules,energy-pkg,46004519225,100,00,,
1651,45,Joules,energy-cores,46004519327,100,00,,
43411995398,ns,duration_time,43411995398,100,00,,
2135,73,Joules,energy-pkg,43411610741,100,00,,
1597,33,Joules,energy-cores,43411610795,100,00,,
42416327578,ns,duration_time,42416327578,100,00,,
2105,84,Joules,energy-pkg,42415919347,100,00,,
1576,39,Joules,energy-cores,42415928671,100,00,,
42102916434,ns,duration_time,42102916434,100,00,,
2085,65,Joules,energy-pkg,42102522795,100,00,,
1560,28,Joules,energy-cores,42102524083,100,00,,
41831997663,ns,duration_time,41831997663,100,00,,
2072,34,Joules,energy-pkg,41831627555,100,00,,
1553,14,Joules,energy-cores,41831627940,100,00,,
