23174207589,ns,duration_time,23174207589,100,00,,
1624,00,Joules,energy-pkg,23173996663,100,00,,
1340,07,Joules,energy-cores,23173996762,100,00,,
23167422607,ns,duration_time,23167422607,100,00,,
1663,93,Joules,energy-pkg,23167220276,100,00,,
1382,69,Joules,energy-cores,23167220311,100,00,,
23158548649,ns,duration_time,23158548649,100,00,,
1662,39,Joules,energy-pkg,23158330156,100,00,,
1381,35,Joules,energy-cores,23158330510,100,00,,
23290084286,ns,duration_time,23290084286,100,00,,
1665,94,Joules,energy-pkg,23289859182,100,00,,
1384,41,Joules,energy-cores,23289860157,100,00,,
23260734619,ns,duration_time,23260734619,100,00,,
1663,76,Joules,energy-pkg,23260533554,100,00,,
1381,53,Joules,energy-cores,23260533545,100,00,,
