49672430622,ns,duration_time,49672430622,100,00,,
2084,63,Joules,energy-pkg,49671691454,100,00,,
1459,38,Joules,energy-cores,49671691319,100,00,,
49774992066,ns,duration_time,49774992066,100,00,,
2053,55,Joules,energy-pkg,49774320746,100,00,,
1428,42,Joules,energy-cores,49774320978,100,00,,
50022310764,ns,duration_time,50022310764,100,00,,
2053,16,Joules,energy-pkg,50021692523,100,00,,
1425,05,Joules,energy-cores,50021692604,100,00,,
49613252718,ns,duration_time,49613252718,100,00,,
2042,31,Joules,energy-pkg,49612680539,100,00,,
1418,70,Joules,energy-cores,49612680693,100,00,,
49264152612,ns,duration_time,49264152612,100,00,,
2032,35,Joules,energy-pkg,49263613451,100,00,,
1412,87,Joules,energy-cores,49263613644,100,00,,
