32603045772,ns,duration_time,32603045772,100,00,,
1987,38,Joules,energy-pkg,32602810278,100,00,,
1583,80,Joules,energy-cores,32602810749,100,00,,
32732389307,ns,duration_time,32732389307,100,00,,
1945,77,Joules,energy-pkg,32732154538,100,00,,
1540,23,Joules,energy-cores,32732154720,100,00,,
33166733150,ns,duration_time,33166733150,100,00,,
1949,23,Joules,energy-pkg,33166108131,100,00,,
1540,22,Joules,energy-cores,33166107734,100,00,,
33080445339,ns,duration_time,33080445339,100,00,,
1939,38,Joules,energy-pkg,33079871621,100,00,,
1532,25,Joules,energy-cores,33079871688,100,00,,
32945734036,ns,duration_time,32945734036,100,00,,
1928,00,Joules,energy-pkg,32945206143,100,00,,
1523,07,Joules,energy-cores,32945206191,100,00,,
