35211722572,ns,duration_time,35211722572,100,00,,
2366,43,Joules,energy-pkg,35211469656,100,00,,
1966,27,Joules,energy-cores,35211469669,100,00,,
34841303564,ns,duration_time,34841303564,100,00,,
2371,41,Joules,energy-pkg,34841055378,100,00,,
1973,91,Joules,energy-cores,34841055363,100,00,,
34620262358,ns,duration_time,34620262358,100,00,,
2383,66,Joules,energy-pkg,34620013588,100,00,,
1988,22,Joules,energy-cores,34620013738,100,00,,
35097142050,ns,duration_time,35097142050,100,00,,
2414,28,Joules,energy-pkg,35096888778,100,00,,
2012,75,Joules,energy-cores,35096888984,100,00,,
34442324473,ns,duration_time,34442324473,100,00,,
2395,65,Joules,energy-pkg,34442076640,100,00,,
2001,28,Joules,energy-cores,34442076928,100,00,,
