109576037406,ns,duration_time,109576037406,100,00,,
3287,99,Joules,energy-pkg,109575035180,100,00,,
1942,81,Joules,energy-cores,109575035801,100,00,,
109666559330,ns,duration_time,109666559330,100,00,,
3275,59,Joules,energy-pkg,109665466937,100,00,,
1931,96,Joules,energy-cores,109665467914,100,00,,
109526408617,ns,duration_time,109526408617,100,00,,
3280,28,Joules,energy-pkg,109525377869,100,00,,
1936,04,Joules,energy-cores,109525378922,100,00,,
109796495251,ns,duration_time,109796495251,100,00,,
3283,98,Joules,energy-pkg,109795525100,100,00,,
1939,16,Joules,energy-cores,109795526067,100,00,,
109752993110,ns,duration_time,109752993110,100,00,,
3273,71,Joules,energy-pkg,109751981061,100,00,,
1932,67,Joules,energy-cores,109751991687,100,00,,
