25251009266,ns,duration_time,25251009266,100,00,,
1838,06,Joules,energy-pkg,25250781119,100,00,,
1532,88,Joules,energy-cores,25250781553,100,00,,
25460189534,ns,duration_time,25460189534,100,00,,
1854,53,Joules,energy-pkg,25459962151,100,00,,
1546,66,Joules,energy-cores,25459962248,100,00,,
25353676344,ns,duration_time,25353676344,100,00,,
1843,94,Joules,energy-pkg,25353427965,100,00,,
1538,62,Joules,energy-cores,25353436918,100,00,,
25610076340,ns,duration_time,25610076340,100,00,,
1852,48,Joules,energy-pkg,25609841930,100,00,,
1544,13,Joules,energy-cores,25609842440,100,00,,
25243736338,ns,duration_time,25243736338,100,00,,
1826,90,Joules,energy-pkg,25243514132,100,00,,
1523,48,Joules,energy-cores,25243514604,100,00,,
