90592184401,ns,duration_time,90592184401,100,00,,
3139,51,Joules,energy-pkg,90590901597,100,00,,
2057,84,Joules,energy-cores,90590901432,100,00,,
90230079056,ns,duration_time,90230079056,100,00,,
3115,38,Joules,energy-pkg,90228912956,100,00,,
2037,68,Joules,energy-cores,90228913714,100,00,,
90399487487,ns,duration_time,90399487487,100,00,,
3115,27,Joules,energy-pkg,90398406079,100,00,,
2036,47,Joules,energy-cores,90398406006,100,00,,
90549341667,ns,duration_time,90549341667,100,00,,
3117,93,Joules,energy-pkg,90548324188,100,00,,
2036,43,Joules,energy-cores,90548323568,100,00,,
90531282699,ns,duration_time,90531282699,100,00,,
3115,19,Joules,energy-pkg,90530312138,100,00,,
2034,85,Joules,energy-cores,90530312362,100,00,,
