155517272360,ns,duration_time,155517272360,100,00,,
4491,89,Joules,energy-pkg,155515850874,100,00,,
2632,69,Joules,energy-cores,155515851698,100,00,,
155449568386,ns,duration_time,155449568386,100,00,,
4471,17,Joules,energy-pkg,155447990620,100,00,,
2616,11,Joules,energy-cores,155447991635,100,00,,
155442341703,ns,duration_time,155442341703,100,00,,
4478,11,Joules,energy-pkg,155440878205,100,00,,
2622,25,Joules,energy-cores,155440879431,100,00,,
155456187354,ns,duration_time,155456187354,100,00,,
4469,15,Joules,energy-pkg,155454817288,100,00,,
2615,89,Joules,energy-cores,155454827610,100,00,,
155506017908,ns,duration_time,155506017908,100,00,,
4461,45,Joules,energy-pkg,155504606713,100,00,,
2613,57,Joules,energy-cores,155504607882,100,00,,
