41989848493,ns,duration_time,41989848493,100,00,,
2066,30,Joules,energy-pkg,41989471217,100,00,,
1544,73,Joules,energy-cores,41989470770,100,00,,
41658078466,ns,duration_time,41658078466,100,00,,
2048,41,Joules,energy-pkg,41657636279,100,00,,
1533,51,Joules,energy-cores,41657645488,100,00,,
41464090746,ns,duration_time,41464090746,100,00,,
2040,85,Joules,energy-pkg,41463695976,100,00,,
1528,20,Joules,energy-cores,41463704849,100,00,,
42635971230,ns,duration_time,42635971230,100,00,,
2087,81,Joules,energy-pkg,42635599853,100,00,,
1561,20,Joules,energy-cores,42635611393,100,00,,
41737028798,ns,duration_time,41737028798,100,00,,
2051,17,Joules,energy-pkg,41736654742,100,00,,
1534,38,Joules,energy-cores,41736655259,100,00,,
