59261837514,ns,duration_time,59261837514,100,00,,
2699,15,Joules,energy-pkg,59261302190,100,00,,
1997,96,Joules,energy-cores,59261301999,100,00,,
54853559760,ns,duration_time,54853559760,100,00,,
2555,78,Joules,energy-pkg,54852973288,100,00,,
1902,03,Joules,energy-cores,54852974149,100,00,,
57895742525,ns,duration_time,57895742525,100,00,,
2645,89,Joules,energy-pkg,57895189434,100,00,,
1960,94,Joules,energy-cores,57895190377,100,00,,
58624943132,ns,duration_time,58624943132,100,00,,
2668,77,Joules,energy-pkg,58624449585,100,00,,
1975,37,Joules,energy-cores,58624450337,100,00,,
56491767589,ns,duration_time,56491767589,100,00,,
2594,56,Joules,energy-pkg,56491262088,100,00,,
1924,85,Joules,energy-cores,56491262240,100,00,,
