46272041559,ns,duration_time,46272041559,100,00,,
2843,41,Joules,energy-pkg,46271620309,100,00,,
2331,05,Joules,energy-cores,46271620450,100,00,,
46520239712,ns,duration_time,46520239712,100,00,,
2848,50,Joules,energy-pkg,46519811793,100,00,,
2333,17,Joules,energy-cores,46519812913,100,00,,
46134122723,ns,duration_time,46134122723,100,00,,
2822,93,Joules,energy-pkg,46133687945,100,00,,
2313,45,Joules,energy-cores,46133688371,100,00,,
45724397566,ns,duration_time,45724397566,100,00,,
2805,38,Joules,energy-pkg,45723978570,100,00,,
2300,17,Joules,energy-cores,45723978711,100,00,,
45860871308,ns,duration_time,45860871308,100,00,,
2809,84,Joules,energy-pkg,45860455275,100,00,,
2302,95,Joules,energy-cores,45860464867,100,00,,
