51151371395,ns,duration_time,51151371395,100,00,,
2683,49,Joules,energy-pkg,51151002885,100,00,,
2089,27,Joules,energy-cores,51151002829,100,00,,
50439239694,ns,duration_time,50439239694,100,00,,
2633,68,Joules,energy-pkg,50438372101,100,00,,
2046,43,Joules,energy-cores,50438372200,100,00,,
51116402509,ns,duration_time,51116402509,100,00,,
2642,34,Joules,energy-pkg,51115475725,100,00,,
2049,03,Joules,energy-cores,51115475702,100,00,,
50490355319,ns,duration_time,50490355319,100,00,,
2620,23,Joules,energy-pkg,50489508589,100,00,,
2034,18,Joules,energy-cores,50489508768,100,00,,
53155666376,ns,duration_time,53155666376,100,00,,
2706,98,Joules,energy-pkg,53154838370,100,00,,
2091,68,Joules,energy-cores,53154838898,100,00,,
