41958046552,ns,duration_time,41958046552,100,00,,
2049,01,Joules,energy-pkg,41957661595,100,00,,
1531,61,Joules,energy-cores,41957661839,100,00,,
41797662116,ns,duration_time,41797662116,100,00,,
2062,92,Joules,energy-pkg,41797288740,100,00,,
1541,19,Joules,energy-cores,41797289189,100,00,,
45238822453,ns,duration_time,45238822453,100,00,,
2165,32,Joules,energy-pkg,45238392702,100,00,,
1614,89,Joules,energy-cores,45238392621,100,00,,
42700195434,ns,duration_time,42700195434,100,00,,
2092,48,Joules,energy-pkg,42699802655,100,00,,
1563,52,Joules,energy-cores,42699802521,100,00,,
42159964385,ns,duration_time,42159964385,100,00,,
2063,45,Joules,energy-pkg,42159578705,100,00,,
1538,92,Joules,energy-cores,42159580062,100,00,,
