69331698648,ns,duration_time,69331698648,100,00,,
5144,15,Joules,energy-pkg,69331228186,100,00,,
4301,26,Joules,energy-cores,69331228721,100,00,,
69050036191,ns,duration_time,69050036191,100,00,,
5108,28,Joules,energy-pkg,69049356626,100,00,,
4269,80,Joules,energy-cores,69049357339,100,00,,
68854256074,ns,duration_time,68854256074,100,00,,
5089,32,Joules,energy-pkg,68853634768,100,00,,
4254,45,Joules,energy-cores,68853634990,100,00,,
70190468913,ns,duration_time,70190468913,100,00,,
5148,11,Joules,energy-pkg,70189850544,100,00,,
4298,35,Joules,energy-cores,70189850990,100,00,,
68778477610,ns,duration_time,68778477610,100,00,,
5097,44,Joules,energy-pkg,68777547928,100,00,,
4261,31,Joules,energy-cores,68777558873,100,00,,
