114708586521,ns,duration_time,114708586521,100,00,,
5709,02,Joules,energy-pkg,114707665018,100,00,,
4277,09,Joules,energy-cores,114707665409,100,00,,
115715982969,ns,duration_time,115715982969,100,00,,
5734,71,Joules,energy-pkg,115714917536,100,00,,
4294,48,Joules,energy-cores,115714918033,100,00,,
114787683365,ns,duration_time,114787683365,100,00,,
5701,49,Joules,energy-pkg,114786770505,100,00,,
4269,23,Joules,energy-cores,114786770761,100,00,,
115565045153,ns,duration_time,115565045153,100,00,,
5725,53,Joules,energy-pkg,115563987174,100,00,,
4283,80,Joules,energy-cores,115563987866,100,00,,
115371917817,ns,duration_time,115371917817,100,00,,
5712,30,Joules,energy-pkg,115370680479,100,00,,
4275,70,Joules,energy-cores,115370680658,100,00,,
