210409995332,ns,duration_time,210409995332,100,00,,
6713,49,Joules,energy-pkg,210408282334,100,00,,
4021,58,Joules,energy-cores,210408282652,100,00,,
210529406017,ns,duration_time,210529406017,100,00,,
6704,41,Joules,energy-pkg,210527480423,100,00,,
4018,20,Joules,energy-cores,210527480552,100,00,,
210135184889,ns,duration_time,210135184889,100,00,,
6684,46,Joules,energy-pkg,210133534506,100,00,,
4004,70,Joules,energy-cores,210133534608,100,00,,
212034830173,ns,duration_time,212034830173,100,00,,
6770,40,Joules,energy-pkg,212032872603,100,00,,
4049,94,Joules,energy-cores,212032882762,100,00,,
212462028747,ns,duration_time,212462028747,100,00,,
6773,33,Joules,energy-pkg,212459803609,100,00,,
4048,31,Joules,energy-cores,212459803797,100,00,,
