68685425700,ns,duration_time,68685425700,100,00,,
5111,05,Joules,energy-pkg,68684806334,100,00,,
4277,06,Joules,energy-cores,68684806649,100,00,,
69666604807,ns,duration_time,69666604807,100,00,,
5134,63,Joules,energy-pkg,69665827514,100,00,,
4290,02,Joules,energy-cores,69665827783,100,00,,
68902755952,ns,duration_time,68902755952,100,00,,
5094,13,Joules,energy-pkg,68902131693,100,00,,
4259,06,Joules,energy-cores,68902131902,100,00,,
68571833236,ns,duration_time,68571833236,100,00,,
5085,91,Joules,energy-pkg,68571232530,100,00,,
4252,43,Joules,energy-cores,68571232931,100,00,,
68756854640,ns,duration_time,68756854640,100,00,,
5082,51,Joules,energy-pkg,68756239326,100,00,,
4248,34,Joules,energy-cores,68756239472,100,00,,
