151846138949,ns,duration_time,151846138949,100,00,,
7059,38,Joules,energy-pkg,151844962732,100,00,,
5243,98,Joules,energy-cores,151844962924,100,00,,
149730974849,ns,duration_time,149730974849,100,00,,
6974,80,Joules,energy-pkg,149729562106,100,00,,
5187,47,Joules,energy-cores,149729573150,100,00,,
153590557301,ns,duration_time,153590557301,100,00,,
7088,43,Joules,energy-pkg,153589166728,100,00,,
5259,27,Joules,energy-cores,153589167157,100,00,,
155604713325,ns,duration_time,155604713325,100,00,,
7158,80,Joules,energy-pkg,155603227738,100,00,,
5304,66,Joules,energy-cores,155603239259,100,00,,
150310500490,ns,duration_time,150310500490,100,00,,
6990,89,Joules,energy-pkg,150308800432,100,00,,
5195,78,Joules,energy-cores,150308800463,100,00,,
