136337995876,ns,duration_time,136337995876,100,00,,
5769,02,Joules,energy-pkg,136336670148,100,00,,
4043,00,Joules,energy-cores,136336680926,100,00,,
136587373699,ns,duration_time,136587373699,100,00,,
5698,82,Joules,energy-pkg,136586071474,100,00,,
3968,67,Joules,energy-cores,136586080638,100,00,,
137007217939,ns,duration_time,137007217939,100,00,,
5705,86,Joules,energy-pkg,137005923195,100,00,,
3972,51,Joules,energy-cores,137005934866,100,00,,
136621427856,ns,duration_time,136621427856,100,00,,
5675,59,Joules,energy-pkg,136620144351,100,00,,
3950,13,Joules,energy-cores,136620155393,100,00,,
136163767850,ns,duration_time,136163767850,100,00,,
5668,14,Joules,energy-pkg,136162515435,100,00,,
3944,99,Joules,energy-cores,136162515244,100,00,,
