211834706460,ns,duration_time,211834706460,100,00,,
6744,10,Joules,energy-pkg,211832092795,100,00,,
4021,94,Joules,energy-cores,211832103300,100,00,,
211884038011,ns,duration_time,211884038011,100,00,,
6747,92,Joules,energy-pkg,211882092170,100,00,,
4019,00,Joules,energy-cores,211882092278,100,00,,
212270119412,ns,duration_time,212270119412,100,00,,
6762,25,Joules,energy-pkg,212268256708,100,00,,
4027,67,Joules,energy-cores,212268267636,100,00,,
211956964991,ns,duration_time,211956964991,100,00,,
6730,46,Joules,energy-pkg,211955054194,100,00,,
4003,39,Joules,energy-cores,211955054370,100,00,,
211632244451,ns,duration_time,211632244451,100,00,,
6741,10,Joules,energy-pkg,211629923789,100,00,,
4015,13,Joules,energy-cores,211629924885,100,00,,
