137841667706,ns,duration_time,137841667706,100,00,,
6506,93,Joules,energy-pkg,137840586827,100,00,,
4832,86,Joules,energy-cores,137840586861,100,00,,
134599417053,ns,duration_time,134599417053,100,00,,
6396,38,Joules,energy-pkg,134598169931,100,00,,
4761,89,Joules,energy-cores,134598170180,100,00,,
136149513015,ns,duration_time,136149513015,100,00,,
6427,26,Joules,energy-pkg,136148281341,100,00,,
4776,23,Joules,energy-cores,136148281659,100,00,,
139604959670,ns,duration_time,139604959670,100,00,,
6543,31,Joules,energy-pkg,139603656012,100,00,,
4850,66,Joules,energy-cores,139603656379,100,00,,
126831186041,ns,duration_time,126831186041,100,00,,
6128,02,Joules,energy-pkg,126829786094,100,00,,
4575,64,Joules,energy-cores,126829796349,100,00,,
