88932310221,ns,duration_time,88932310221,100,00,,
5569,47,Joules,energy-pkg,88931471298,100,00,,
4461,19,Joules,energy-cores,88931482338,100,00,,
90273417953,ns,duration_time,90273417953,100,00,,
5429,22,Joules,energy-pkg,90272481375,100,00,,
4303,31,Joules,energy-cores,90272492579,100,00,,
89046600352,ns,duration_time,89046600352,100,00,,
5355,97,Joules,energy-pkg,89045649851,100,00,,
4246,89,Joules,energy-cores,89045660144,100,00,,
88444891821,ns,duration_time,88444891821,100,00,,
5318,28,Joules,energy-pkg,88443993156,100,00,,
4215,87,Joules,energy-cores,88443993459,100,00,,
88193065135,ns,duration_time,88193065135,100,00,,
5306,22,Joules,energy-pkg,88192199136,100,00,,
4208,81,Joules,energy-cores,88192199553,100,00,,
