81772059867,ns,duration_time,81772059867,100,00,,
5842,17,Joules,energy-pkg,81771234368,100,00,,
4880,00,Joules,energy-cores,81771234609,100,00,,
82000915758,ns,duration_time,82000915758,100,00,,
5955,33,Joules,energy-pkg,82000109324,100,00,,
4993,89,Joules,energy-cores,82000109711,100,00,,
81943720871,ns,duration_time,81943720871,100,00,,
5979,22,Joules,energy-pkg,81942934425,100,00,,
5019,21,Joules,energy-cores,81942934710,100,00,,
81616601982,ns,duration_time,81616601982,100,00,,
5989,67,Joules,energy-pkg,81615835845,100,00,,
5033,85,Joules,energy-cores,81615835797,100,00,,
81506021458,ns,duration_time,81506021458,100,00,,
6011,06,Joules,energy-pkg,81505261629,100,00,,
5054,96,Joules,energy-cores,81505261967,100,00,,
