213785318219,ns,duration_time,213785318219,100,00,,
6816,44,Joules,energy-pkg,213784079642,100,00,,
4068,93,Joules,energy-cores,213784079928,100,00,,
211047017048,ns,duration_time,211047017048,100,00,,
6737,56,Joules,energy-pkg,211044837901,100,00,,
4019,17,Joules,energy-cores,211044837976,100,00,,
211720480381,ns,duration_time,211720480381,100,00,,
6758,34,Joules,energy-pkg,211718554640,100,00,,
4042,17,Joules,energy-cores,211718554747,100,00,,
210803915724,ns,duration_time,210803915724,100,00,,
6719,65,Joules,energy-pkg,210802059609,100,00,,
4000,64,Joules,energy-cores,210802060065,100,00,,
213895860668,ns,duration_time,213895860668,100,00,,
6818,29,Joules,energy-pkg,213892660670,100,00,,
4065,30,Joules,energy-cores,213892661092,100,00,,
