116587014796,ns,duration_time,116587014796,100,00,,
5838,36,Joules,energy-pkg,116586177718,100,00,,
4382,32,Joules,energy-cores,116586188273,100,00,,
114965494526,ns,duration_time,114965494526,100,00,,
5766,22,Joules,energy-pkg,114964368047,100,00,,
4315,17,Joules,energy-cores,114964379006,100,00,,
115520433779,ns,duration_time,115520433779,100,00,,
5764,25,Joules,energy-pkg,115519375030,100,00,,
4309,56,Joules,energy-cores,115519386709,100,00,,
115295193900,ns,duration_time,115295193900,100,00,,
5748,59,Joules,energy-pkg,115294179368,100,00,,
4310,71,Joules,energy-cores,115294179536,100,00,,
115101895490,ns,duration_time,115101895490,100,00,,
5772,11,Joules,energy-pkg,115100415301,100,00,,
4334,14,Joules,energy-cores,115100425721,100,00,,
