246396401465,ns,duration_time,246396401465,100,00,,
7635,34,Joules,energy-pkg,246394334789,100,00,,
4526,76,Joules,energy-cores,246394346116,100,00,,
246894472380,ns,duration_time,246894472380,100,00,,
7648,73,Joules,energy-pkg,246892174118,100,00,,
4533,89,Joules,energy-cores,246892185743,100,00,,
246963910900,ns,duration_time,246963910900,100,00,,
7632,67,Joules,energy-pkg,246961797516,100,00,,
4522,16,Joules,energy-cores,246961808969,100,00,,
246273245571,ns,duration_time,246273245571,100,00,,
7612,71,Joules,energy-pkg,246271016693,100,00,,
4511,46,Joules,energy-cores,246271017051,100,00,,
246795405954,ns,duration_time,246795405954,100,00,,
7630,31,Joules,energy-pkg,246792911405,100,00,,
4521,20,Joules,energy-cores,246792912329,100,00,,
