223334967791,ns,duration_time,223334967791,100,00,,
7042,24,Joules,energy-pkg,223332830777,100,00,,
4189,44,Joules,energy-cores,223332831939,100,00,,
223179543341,ns,duration_time,223179543341,100,00,,
7025,66,Joules,energy-pkg,223177482062,100,00,,
4176,29,Joules,energy-cores,223177493097,100,00,,
223723779259,ns,duration_time,223723779259,100,00,,
7048,09,Joules,energy-pkg,223721832535,100,00,,
4188,85,Joules,energy-cores,223721833662,100,00,,
223177692999,ns,duration_time,223177692999,100,00,,
7026,23,Joules,energy-pkg,223175678168,100,00,,
4176,43,Joules,energy-cores,223175678562,100,00,,
223279094783,ns,duration_time,223279094783,100,00,,
7039,05,Joules,energy-pkg,223276851127,100,00,,
4185,28,Joules,energy-cores,223276862070,100,00,,
