65617026645,ns,duration_time,65617026645,100,00,,
5002,67,Joules,energy-pkg,65616351568,100,00,,
4203,41,Joules,energy-cores,65616352160,100,00,,
65582067920,ns,duration_time,65582067920,100,00,,
5088,59,Joules,energy-pkg,65581388776,100,00,,
4292,78,Joules,energy-cores,65581389022,100,00,,
65582056961,ns,duration_time,65582056961,100,00,,
5157,85,Joules,energy-pkg,65581423256,100,00,,
4365,70,Joules,energy-cores,65581423392,100,00,,
65740623178,ns,duration_time,65740623178,100,00,,
5184,95,Joules,energy-pkg,65739997144,100,00,,
4391,17,Joules,energy-cores,65739997263,100,00,,
66207730226,ns,duration_time,66207730226,100,00,,
5215,19,Joules,energy-pkg,66207109788,100,00,,
4415,15,Joules,energy-cores,66207110062,100,00,,
