63120235441,ns,duration_time,63120235441,100,00,,
4640,74,Joules,energy-pkg,63119671982,100,00,,
3871,55,Joules,energy-cores,63119671995,100,00,,
63367430875,ns,duration_time,63367430875,100,00,,
4634,02,Joules,energy-pkg,63366693218,100,00,,
3862,49,Joules,energy-cores,63366703998,100,00,,
63239726009,ns,duration_time,63239726009,100,00,,
4622,29,Joules,energy-pkg,63239152988,100,00,,
3854,07,Joules,energy-cores,63239153088,100,00,,
63188583527,ns,duration_time,63188583527,100,00,,
4614,33,Joules,energy-pkg,63188033891,100,00,,
3846,86,Joules,energy-cores,63188033979,100,00,,
63200255302,ns,duration_time,63200255302,100,00,,
4616,53,Joules,energy-pkg,63199689593,100,00,,
3847,34,Joules,energy-cores,63199690213,100,00,,
