106531180765,ns,duration_time,106531180765,100,00,,
6122,51,Joules,energy-pkg,106530195852,100,00,,
4832,31,Joules,energy-cores,106530196498,100,00,,
108480864944,ns,duration_time,108480864944,100,00,,
6125,95,Joules,energy-pkg,108479688036,100,00,,
4815,08,Joules,energy-cores,108479688409,100,00,,
109104948924,ns,duration_time,109104948924,100,00,,
6111,46,Joules,energy-pkg,109103809704,100,00,,
4795,69,Joules,energy-cores,109103820520,100,00,,
106567883044,ns,duration_time,106567883044,100,00,,
6017,20,Joules,energy-pkg,106566808998,100,00,,
4730,23,Joules,energy-cores,106566819744,100,00,,
107837535702,ns,duration_time,107837535702,100,00,,
6050,56,Joules,energy-pkg,107836486294,100,00,,
4752,90,Joules,energy-cores,107836486275,100,00,,
