292729294945,ns,duration_time,292729294945,100,00,,
8847,18,Joules,energy-pkg,292726866648,100,00,,
5219,80,Joules,energy-cores,292726877527,100,00,,
292426074757,ns,duration_time,292426074757,100,00,,
8808,36,Joules,energy-pkg,292423381284,100,00,,
5194,57,Joules,energy-cores,292423392669,100,00,,
292457833689,ns,duration_time,292457833689,100,00,,
8793,34,Joules,energy-pkg,292455409352,100,00,,
5182,59,Joules,energy-cores,292455410619,100,00,,
292371983431,ns,duration_time,292371983431,100,00,,
8806,38,Joules,energy-pkg,292369321007,100,00,,
5192,70,Joules,energy-cores,292369321367,100,00,,
292804256667,ns,duration_time,292804256667,100,00,,
8827,48,Joules,energy-pkg,292801250634,100,00,,
5206,99,Joules,energy-cores,292801262111,100,00,,
