211921465434,ns,duration_time,211921465434,100,00,,
6758,68,Joules,energy-pkg,211919887017,100,00,,
4049,37,Joules,energy-cores,211919887177,100,00,,
212210304322,ns,duration_time,212210304322,100,00,,
6780,29,Joules,energy-pkg,212208284291,100,00,,
4060,39,Joules,energy-cores,212208284712,100,00,,
211920661431,ns,duration_time,211920661431,100,00,,
6756,75,Joules,energy-pkg,211918740467,100,00,,
4046,37,Joules,energy-cores,211918740661,100,00,,
210937899569,ns,duration_time,210937899569,100,00,,
6726,09,Joules,energy-pkg,210935888275,100,00,,
4006,19,Joules,energy-cores,210935888382,100,00,,
213719359453,ns,duration_time,213719359453,100,00,,
6816,50,Joules,energy-pkg,213716800766,100,00,,
4064,84,Joules,energy-cores,213716800818,100,00,,
