114988759636,ns,duration_time,114988759636,100,00,,
5769,58,Joules,energy-pkg,114987726346,100,00,,
4318,92,Joules,energy-cores,114987737109,100,00,,
116083890817,ns,duration_time,116083890817,100,00,,
5760,54,Joules,energy-pkg,116082653805,100,00,,
4304,82,Joules,energy-cores,116082654001,100,00,,
115886415468,ns,duration_time,115886415468,100,00,,
5785,96,Joules,energy-pkg,115885349674,100,00,,
4344,13,Joules,energy-cores,115885360045,100,00,,
114476567652,ns,duration_time,114476567652,100,00,,
5703,03,Joules,energy-pkg,114475561538,100,00,,
4290,93,Joules,energy-cores,114475562346,100,00,,
115810947779,ns,duration_time,115810947779,100,00,,
5761,99,Joules,energy-pkg,115809898463,100,00,,
4313,84,Joules,energy-cores,115809898711,100,00,,
