100477080881,ns,duration_time,100477080881,100,00,,
6428,50,Joules,energy-pkg,100476429950,100,00,,
5278,36,Joules,energy-cores,100476430200,100,00,,
100922852445,ns,duration_time,100922852445,100,00,,
6446,65,Joules,energy-pkg,100921846978,100,00,,
5292,04,Joules,energy-cores,100921847223,100,00,,
100378075122,ns,duration_time,100378075122,100,00,,
6397,87,Joules,energy-pkg,100377166009,100,00,,
5251,04,Joules,energy-cores,100377166510,100,00,,
100108268400,ns,duration_time,100108268400,100,00,,
6404,78,Joules,energy-pkg,100107387064,100,00,,
5259,13,Joules,energy-cores,100107387248,100,00,,
100008120754,ns,duration_time,100008120754,100,00,,
6387,58,Joules,energy-pkg,100006723035,100,00,,
5244,20,Joules,energy-cores,100006723172,100,00,,
