177834172263,ns,duration_time,177834172263,100,00,,
6803,10,Joules,energy-pkg,177832462474,100,00,,
4612,38,Joules,energy-cores,177832474134,100,00,,
177741505063,ns,duration_time,177741505063,100,00,,
6772,08,Joules,energy-pkg,177739820108,100,00,,
4581,96,Joules,energy-cores,177739831056,100,00,,
177283019297,ns,duration_time,177283019297,100,00,,
6758,66,Joules,energy-pkg,177281351185,100,00,,
4574,08,Joules,energy-cores,177281352043,100,00,,
177420467205,ns,duration_time,177420467205,100,00,,
6765,03,Joules,energy-pkg,177418804915,100,00,,
4577,82,Joules,energy-cores,177418815936,100,00,,
177719077497,ns,duration_time,177719077497,100,00,,
6761,19,Joules,energy-pkg,177717431882,100,00,,
4572,09,Joules,energy-cores,177717443596,100,00,,
