3461188563,ns,duration_time,3461188563,100,00,,
267,93,Joules,energy-pkg,3461143450,100,00,,
230,32,Joules,energy-cores,3461144477,100,00,,
3463145495,ns,duration_time,3463145495,100,00,,
265,61,Joules,energy-pkg,3463117880,100,00,,
228,31,Joules,energy-cores,3463117861,100,00,,
3529708073,ns,duration_time,3529708073,100,00,,
271,38,Joules,energy-pkg,3529677102,100,00,,
232,94,Joules,energy-cores,3529677551,100,00,,
3468756466,ns,duration_time,3468756466,100,00,,
267,64,Joules,energy-pkg,3468726348,100,00,,
229,99,Joules,energy-cores,3468726345,100,00,,
3461625932,ns,duration_time,3461625932,100,00,,
267,30,Joules,energy-pkg,3461596939,100,00,,
229,75,Joules,energy-cores,3461597020,100,00,,
