9745059361,ns,duration_time,9745059361,100,00,,
394,00,Joules,energy-pkg,9744969926,100,00,,
278,88,Joules,energy-cores,9744970679,100,00,,
9742494114,ns,duration_time,9742494114,100,00,,
391,32,Joules,energy-pkg,9742405594,100,00,,
276,19,Joules,energy-cores,9742405640,100,00,,
9861619194,ns,duration_time,9861619194,100,00,,
393,98,Joules,energy-pkg,9861532186,100,00,,
277,45,Joules,energy-cores,9861532086,100,00,,
9755687216,ns,duration_time,9755687216,100,00,,
390,27,Joules,energy-pkg,9755600134,100,00,,
275,03,Joules,energy-cores,9755600078,100,00,,
9732122194,ns,duration_time,9732122194,100,00,,
388,98,Joules,energy-pkg,9732022388,100,00,,
274,02,Joules,energy-cores,9732023321,100,00,,
