4575152212,ns,duration_time,4575152212,100,00,,
328,81,Joules,energy-pkg,4575105037,100,00,,
278,31,Joules,energy-cores,4575105012,100,00,,
4561493982,ns,duration_time,4561493982,100,00,,
331,92,Joules,energy-pkg,4561449983,100,00,,
281,30,Joules,energy-cores,4561449873,100,00,,
4578805126,ns,duration_time,4578805126,100,00,,
325,99,Joules,energy-pkg,4578748735,100,00,,
275,27,Joules,energy-cores,4578749681,100,00,,
4573370289,ns,duration_time,4573370289,100,00,,
325,59,Joules,energy-pkg,4573327775,100,00,,
274,79,Joules,energy-cores,4573327715,100,00,,
4563199471,ns,duration_time,4563199471,100,00,,
326,26,Joules,energy-pkg,4563155368,100,00,,
275,55,Joules,energy-cores,4563155501,100,00,,
