9818091427,ns,duration_time,9818091427,100,00,,
396,66,Joules,energy-pkg,9818003368,100,00,,
280,25,Joules,energy-cores,9818003723,100,00,,
9803969903,ns,duration_time,9803969903,100,00,,
393,56,Joules,energy-pkg,9803880613,100,00,,
277,60,Joules,energy-cores,9803880906,100,00,,
9901377230,ns,duration_time,9901377230,100,00,,
394,46,Joules,energy-pkg,9901277519,100,00,,
277,53,Joules,energy-cores,9901289037,100,00,,
9824090733,ns,duration_time,9824090733,100,00,,
391,99,Joules,energy-pkg,9823979964,100,00,,
275,89,Joules,energy-cores,9823990700,100,00,,
9743425811,ns,duration_time,9743425811,100,00,,
390,09,Joules,energy-pkg,9743325991,100,00,,
275,04,Joules,energy-cores,9743327338,100,00,,
