16140916292,ns,duration_time,16140916292,100,00,,
508,38,Joules,energy-pkg,16140735600,100,00,,
313,27,Joules,energy-cores,16140736645,100,00,,
16078313430,ns,duration_time,16078313430,100,00,,
505,98,Joules,energy-pkg,16078149125,100,00,,
312,23,Joules,energy-cores,16078149223,100,00,,
16144433178,ns,duration_time,16144433178,100,00,,
508,04,Joules,energy-pkg,16144272673,100,00,,
314,42,Joules,energy-cores,16144272634,100,00,,
16115834380,ns,duration_time,16115834380,100,00,,
506,69,Joules,energy-pkg,16115675218,100,00,,
312,87,Joules,energy-cores,16115675042,100,00,,
16104012844,ns,duration_time,16104012844,100,00,,
506,32,Joules,energy-pkg,16103853983,100,00,,
312,64,Joules,energy-cores,16103853957,100,00,,
