16398352892,ns,duration_time,16398352892,100,00,,
516,87,Joules,energy-pkg,16398184841,100,00,,
317,87,Joules,energy-cores,16398184724,100,00,,
16275116425,ns,duration_time,16275116425,100,00,,
513,73,Joules,energy-pkg,16274949627,100,00,,
315,84,Joules,energy-cores,16274950019,100,00,,
16394036325,ns,duration_time,16394036325,100,00,,
516,39,Joules,energy-pkg,16393871535,100,00,,
317,29,Joules,energy-cores,16393871521,100,00,,
16408093003,ns,duration_time,16408093003,100,00,,
517,31,Joules,energy-pkg,16407918214,100,00,,
318,04,Joules,energy-cores,16407919017,100,00,,
16279718407,ns,duration_time,16279718407,100,00,,
513,37,Joules,energy-pkg,16279555776,100,00,,
315,62,Joules,energy-cores,16279555857,100,00,,
