4395907195,ns,duration_time,4395907195,100,00,,
317,69,Joules,energy-pkg,4395861684,100,00,,
268,98,Joules,energy-cores,4395861943,100,00,,
4403272140,ns,duration_time,4403272140,100,00,,
321,26,Joules,energy-pkg,4403217967,100,00,,
272,10,Joules,energy-cores,4403227289,100,00,,
4389306478,ns,duration_time,4389306478,100,00,,
321,02,Joules,energy-pkg,4389264063,100,00,,
272,13,Joules,energy-cores,4389264202,100,00,,
4371686304,ns,duration_time,4371686304,100,00,,
319,24,Joules,energy-pkg,4371644410,100,00,,
270,61,Joules,energy-cores,4371644475,100,00,,
4404801444,ns,duration_time,4404801444,100,00,,
321,12,Joules,energy-pkg,4404758484,100,00,,
272,21,Joules,energy-cores,4404758736,100,00,,
