4568854155,ns,duration_time,4568854155,100,00,,
323,82,Joules,energy-pkg,4568808092,100,00,,
273,17,Joules,energy-cores,4568808174,100,00,,
4575073768,ns,duration_time,4575073768,100,00,,
324,33,Joules,energy-pkg,4575030713,100,00,,
273,79,Joules,energy-cores,4575030551,100,00,,
4566587873,ns,duration_time,4566587873,100,00,,
323,87,Joules,energy-pkg,4566544036,100,00,,
273,04,Joules,energy-cores,4566544289,100,00,,
4560467912,ns,duration_time,4560467912,100,00,,
326,09,Joules,energy-pkg,4560424397,100,00,,
275,09,Joules,energy-cores,4560424594,100,00,,
4567590414,ns,duration_time,4567590414,100,00,,
323,66,Joules,energy-pkg,4567547233,100,00,,
272,85,Joules,energy-cores,4567547318,100,00,,
