3868941999,ns,duration_time,3868941999,100,00,,
297,11,Joules,energy-pkg,3868911256,100,00,,
254,77,Joules,energy-cores,3868911429,100,00,,
4009668882,ns,duration_time,4009668882,100,00,,
305,82,Joules,energy-pkg,4009636886,100,00,,
261,76,Joules,energy-cores,4009637167,100,00,,
3860900596,ns,duration_time,3860900596,100,00,,
302,86,Joules,energy-pkg,3860868268,100,00,,
260,31,Joules,energy-cores,3860868333,100,00,,
3876360381,ns,duration_time,3876360381,100,00,,
305,02,Joules,energy-pkg,3876329708,100,00,,
262,20,Joules,energy-cores,3876329820,100,00,,
3900763037,ns,duration_time,3900763037,100,00,,
306,80,Joules,energy-pkg,3900728863,100,00,,
263,84,Joules,energy-cores,3900729352,100,00,,
