8641667941,ns,duration_time,8641667941,100,00,,
410,27,Joules,energy-pkg,8641578472,100,00,,
311,07,Joules,energy-cores,8641578555,100,00,,
8652313789,ns,duration_time,8652313789,100,00,,
412,78,Joules,energy-pkg,8652223849,100,00,,
311,86,Joules,energy-cores,8652224181,100,00,,
8622847162,ns,duration_time,8622847162,100,00,,
413,49,Joules,energy-pkg,8622750550,100,00,,
312,62,Joules,energy-cores,8622751733,100,00,,
8638783729,ns,duration_time,8638783729,100,00,,
417,20,Joules,energy-pkg,8638698153,100,00,,
317,95,Joules,energy-cores,8638698654,100,00,,
8630334288,ns,duration_time,8630334288,100,00,,
416,94,Joules,energy-pkg,8630250168,100,00,,
317,48,Joules,energy-cores,8630250160,100,00,,
