5789739739,ns,duration_time,5789739739,100,00,,
349,14,Joules,energy-pkg,5789688755,100,00,,
283,13,Joules,energy-cores,5789688963,100,00,,
5842536106,ns,duration_time,5842536106,100,00,,
350,19,Joules,energy-pkg,5842485460,100,00,,
283,56,Joules,energy-cores,5842485745,100,00,,
5801654695,ns,duration_time,5801654695,100,00,,
347,89,Joules,energy-pkg,5801604114,100,00,,
281,52,Joules,energy-cores,5801604480,100,00,,
5817700895,ns,duration_time,5817700895,100,00,,
347,18,Joules,energy-pkg,5817651017,100,00,,
280,85,Joules,energy-cores,5817651220,100,00,,
5844115622,ns,duration_time,5844115622,100,00,,
348,34,Joules,energy-pkg,5844065636,100,00,,
281,83,Joules,energy-cores,5844065553,100,00,,
