16581230846,ns,duration_time,16581230846,100,00,,
521,29,Joules,energy-pkg,16581049597,100,00,,
320,15,Joules,energy-cores,16581050294,100,00,,
16615162116,ns,duration_time,16615162116,100,00,,
523,49,Joules,energy-pkg,16614993768,100,00,,
321,26,Joules,energy-cores,16614993541,100,00,,
16614237526,ns,duration_time,16614237526,100,00,,
523,67,Joules,energy-pkg,16614058030,100,00,,
321,17,Joules,energy-cores,16614058981,100,00,,
16598495797,ns,duration_time,16598495797,100,00,,
522,62,Joules,energy-pkg,16598317449,100,00,,
320,51,Joules,energy-cores,16598318342,100,00,,
16610683884,ns,duration_time,16610683884,100,00,,
523,30,Joules,energy-pkg,16610505449,100,00,,
321,09,Joules,energy-cores,16610506538,100,00,,
