8662169202,ns,duration_time,8662169202,100,00,,
416,51,Joules,energy-pkg,8662071330,100,00,,
316,31,Joules,energy-cores,8662081474,100,00,,
8653053135,ns,duration_time,8653053135,100,00,,
417,44,Joules,energy-pkg,8652968721,100,00,,
317,14,Joules,energy-cores,8652968402,100,00,,
8645595451,ns,duration_time,8645595451,100,00,,
418,37,Joules,energy-pkg,8645511506,100,00,,
318,03,Joules,energy-cores,8645511598,100,00,,
8638021181,ns,duration_time,8638021181,100,00,,
415,63,Joules,energy-pkg,8637923580,100,00,,
315,74,Joules,energy-cores,8637924478,100,00,,
8644444811,ns,duration_time,8644444811,100,00,,
416,67,Joules,energy-pkg,8644363741,100,00,,
316,64,Joules,energy-cores,8644363380,100,00,,
