5795508779,ns,duration_time,5795508779,100,00,,
348,28,Joules,energy-pkg,5795460241,100,00,,
282,13,Joules,energy-cores,5795460250,100,00,,
5797294075,ns,duration_time,5797294075,100,00,,
347,26,Joules,energy-pkg,5797253348,100,00,,
281,08,Joules,energy-cores,5797243707,100,00,,
5867624285,ns,duration_time,5867624285,100,00,,
351,23,Joules,energy-pkg,5867575897,100,00,,
284,17,Joules,energy-cores,5867575984,100,00,,
5806594978,ns,duration_time,5806594978,100,00,,
346,53,Joules,energy-pkg,5806545827,100,00,,
280,47,Joules,energy-cores,5806545776,100,00,,
5846024907,ns,duration_time,5846024907,100,00,,
346,91,Joules,energy-pkg,5845976348,100,00,,
280,40,Joules,energy-cores,5845976137,100,00,,
