16079961801,ns,duration_time,16079961801,100,00,,
505,21,Joules,energy-pkg,16079796753,100,00,,
310,38,Joules,energy-cores,16079796479,100,00,,
16042514434,ns,duration_time,16042514434,100,00,,
506,01,Joules,energy-pkg,16042349784,100,00,,
312,73,Joules,energy-cores,16042349920,100,00,,
16121560183,ns,duration_time,16121560183,100,00,,
507,54,Joules,energy-pkg,16121399038,100,00,,
314,01,Joules,energy-cores,16121398881,100,00,,
17093952810,ns,duration_time,17093952810,100,00,,
537,35,Joules,energy-pkg,17093771448,100,00,,
329,00,Joules,energy-cores,17093780527,100,00,,
16032644893,ns,duration_time,16032644893,100,00,,
504,27,Joules,energy-pkg,16032486406,100,00,,
309,55,Joules,energy-cores,16032486389,100,00,,
