16105028000,ns,duration_time,16105028000,100,00,,
505,58,Joules,energy-pkg,16104853916,100,00,,
310,03,Joules,energy-cores,16104863317,100,00,,
16047727099,ns,duration_time,16047727099,100,00,,
504,94,Joules,energy-pkg,16047564498,100,00,,
309,69,Joules,energy-cores,16047564682,100,00,,
16070477442,ns,duration_time,16070477442,100,00,,
504,98,Joules,energy-pkg,16070317780,100,00,,
309,36,Joules,energy-cores,16070317502,100,00,,
16156816663,ns,duration_time,16156816663,100,00,,
507,42,Joules,energy-pkg,16156655827,100,00,,
310,84,Joules,energy-cores,16156655344,100,00,,
17154463533,ns,duration_time,17154463533,100,00,,
536,24,Joules,energy-pkg,17154292415,100,00,,
327,32,Joules,energy-cores,17154292548,100,00,,
