8646024994,ns,duration_time,8646024994,100,00,,
414,67,Joules,energy-pkg,8645936633,100,00,,
313,58,Joules,energy-cores,8645936995,100,00,,
8644395248,ns,duration_time,8644395248,100,00,,
417,76,Joules,energy-pkg,8644310450,100,00,,
316,33,Joules,energy-cores,8644310570,100,00,,
8640193706,ns,duration_time,8640193706,100,00,,
419,98,Joules,energy-pkg,8640108830,100,00,,
319,71,Joules,energy-cores,8640108875,100,00,,
8653231737,ns,duration_time,8653231737,100,00,,
413,57,Joules,energy-pkg,8653148173,100,00,,
313,91,Joules,energy-cores,8653148050,100,00,,
8641632501,ns,duration_time,8641632501,100,00,,
420,62,Joules,energy-pkg,8641546060,100,00,,
320,03,Joules,energy-cores,8641546114,100,00,,
