16374496421,ns,duration_time,16374496421,100,00,,
516,33,Joules,energy-pkg,16374314561,100,00,,
317,31,Joules,energy-cores,16374315726,100,00,,
16358793893,ns,duration_time,16358793893,100,00,,
515,44,Joules,energy-pkg,16358627317,100,00,,
316,57,Joules,energy-cores,16358627349,100,00,,
16364341395,ns,duration_time,16364341395,100,00,,
515,86,Joules,energy-pkg,16364176813,100,00,,
317,11,Joules,energy-cores,16364176890,100,00,,
16448596130,ns,duration_time,16448596130,100,00,,
518,72,Joules,energy-pkg,16448417880,100,00,,
318,43,Joules,energy-cores,16448417782,100,00,,
16378689366,ns,duration_time,16378689366,100,00,,
516,26,Joules,energy-pkg,16378517126,100,00,,
317,26,Joules,energy-cores,16378517735,100,00,,
