3889038159,ns,duration_time,3889038159,100,00,,
299,75,Joules,energy-pkg,3889008563,100,00,,
257,07,Joules,energy-cores,3889008632,100,00,,
3913889680,ns,duration_time,3913889680,100,00,,
304,64,Joules,energy-pkg,3913849006,100,00,,
261,62,Joules,energy-cores,3913850053,100,00,,
3878880143,ns,duration_time,3878880143,100,00,,
303,70,Joules,energy-pkg,3878836666,100,00,,
261,10,Joules,energy-cores,3878837543,100,00,,
3950061361,ns,duration_time,3950061361,100,00,,
306,06,Joules,energy-pkg,3950029951,100,00,,
262,53,Joules,energy-cores,3950029847,100,00,,
3861701328,ns,duration_time,3861701328,100,00,,
304,79,Joules,energy-pkg,3861669542,100,00,,
262,43,Joules,energy-cores,3861669490,100,00,,
