8407379531,ns,duration_time,8407379531,100,00,,
408,49,Joules,energy-pkg,8407282007,100,00,,
311,36,Joules,energy-cores,8407282765,100,00,,
8381821529,ns,duration_time,8381821529,100,00,,
412,95,Joules,energy-pkg,8381738050,100,00,,
315,90,Joules,energy-cores,8381738055,100,00,,
8383052920,ns,duration_time,8383052920,100,00,,
409,23,Joules,energy-pkg,8382972029,100,00,,
312,17,Joules,energy-cores,8382971741,100,00,,
8395347666,ns,duration_time,8395347666,100,00,,
409,60,Joules,energy-pkg,8395267185,100,00,,
312,30,Joules,energy-cores,8395267061,100,00,,
8299412638,ns,duration_time,8299412638,100,00,,
408,04,Joules,energy-pkg,8299319547,100,00,,
312,08,Joules,energy-cores,8299320385,100,00,,
