8287271151,ns,duration_time,8287271151,100,00,,
406,03,Joules,energy-pkg,8287173074,100,00,,
309,94,Joules,energy-cores,8287174328,100,00,,
8314805365,ns,duration_time,8314805365,100,00,,
408,00,Joules,energy-pkg,8314722163,100,00,,
311,28,Joules,energy-cores,8314722346,100,00,,
8279327022,ns,duration_time,8279327022,100,00,,
404,97,Joules,energy-pkg,8279246659,100,00,,
308,95,Joules,energy-cores,8279246596,100,00,,
8280116558,ns,duration_time,8280116558,100,00,,
407,97,Joules,energy-pkg,8280035211,100,00,,
311,25,Joules,energy-cores,8280035570,100,00,,
8329746530,ns,duration_time,8329746530,100,00,,
406,72,Joules,energy-pkg,8329664292,100,00,,
309,94,Joules,energy-cores,8329664752,100,00,,
