16118154669,ns,duration_time,16118154669,100,00,,
508,96,Joules,energy-pkg,16117984353,100,00,,
313,52,Joules,energy-cores,16117984243,100,00,,
16086647838,ns,duration_time,16086647838,100,00,,
505,73,Joules,energy-pkg,16086475407,100,00,,
311,28,Joules,energy-cores,16086484155,100,00,,
16081573606,ns,duration_time,16081573606,100,00,,
504,66,Joules,energy-pkg,16081411773,100,00,,
309,75,Joules,energy-cores,16081412016,100,00,,
16091279348,ns,duration_time,16091279348,100,00,,
506,36,Joules,energy-pkg,16091117410,100,00,,
312,57,Joules,energy-cores,16091117410,100,00,,
16092835517,ns,duration_time,16092835517,100,00,,
505,50,Joules,energy-pkg,16092676792,100,00,,
310,22,Joules,energy-cores,16092677046,100,00,,
