16958073707,ns,duration_time,16958073707,100,00,,
1297,17,Joules,energy-pkg,16957905077,100,00,,
1109,61,Joules,energy-cores,16957905167,100,00,,
16918066716,ns,duration_time,16918066716,100,00,,
1290,44,Joules,energy-pkg,16917901864,100,00,,
1103,89,Joules,energy-cores,16917901961,100,00,,
17637464550,ns,duration_time,17637464550,100,00,,
1307,60,Joules,energy-pkg,17637308819,100,00,,
1112,86,Joules,energy-cores,17637308608,100,00,,
16982082709,ns,duration_time,16982082709,100,00,,
1293,81,Joules,energy-pkg,16981922330,100,00,,
1106,55,Joules,energy-cores,16981922589,100,00,,
16930178781,ns,duration_time,16930178781,100,00,,
1286,94,Joules,energy-pkg,16930022918,100,00,,
1100,46,Joules,energy-cores,16930022919,100,00,,
