17957139650,ns,duration_time,17957139650,100,00,,
1334,18,Joules,energy-pkg,17956961643,100,00,,
1133,91,Joules,energy-cores,17956961625,100,00,,
18012774786,ns,duration_time,18012774786,100,00,,
1355,55,Joules,energy-pkg,18012597408,100,00,,
1155,83,Joules,energy-cores,18012597238,100,00,,
16939981687,ns,duration_time,16939981687,100,00,,
1293,33,Joules,energy-pkg,16939828992,100,00,,
1107,01,Joules,energy-cores,16939828979,100,00,,
16952663248,ns,duration_time,16952663248,100,00,,
1298,96,Joules,energy-pkg,16952501087,100,00,,
1111,58,Joules,energy-cores,16952501297,100,00,,
16980810844,ns,duration_time,16980810844,100,00,,
1303,90,Joules,energy-pkg,16980634318,100,00,,
1115,95,Joules,energy-cores,16980644049,100,00,,
