15203565760,ns,duration_time,15203565760,100,00,,
1233,94,Joules,energy-pkg,15203428773,100,00,,
1068,55,Joules,energy-cores,15203428896,100,00,,
15565720698,ns,duration_time,15565720698,100,00,,
1272,31,Joules,energy-pkg,15565582316,100,00,,
1104,55,Joules,energy-cores,15565582419,100,00,,
15373726880,ns,duration_time,15373726880,100,00,,
1290,49,Joules,energy-pkg,15373574456,100,00,,
1125,36,Joules,energy-cores,15373575751,100,00,,
15209718037,ns,duration_time,15209718037,100,00,,
1290,62,Joules,energy-pkg,15209581256,100,00,,
1128,60,Joules,energy-cores,15209581372,100,00,,
15477595103,ns,duration_time,15477595103,100,00,,
1311,22,Joules,energy-pkg,15477454679,100,00,,
1146,28,Joules,energy-cores,15477454649,100,00,,
