38835652069,ns,duration_time,38835652069,100,00,,
1598,65,Joules,energy-pkg,38835273219,100,00,,
1138,00,Joules,energy-cores,38835283556,100,00,,
38742462361,ns,duration_time,38742462361,100,00,,
1565,51,Joules,energy-pkg,38742107728,100,00,,
1106,83,Joules,energy-cores,38742107610,100,00,,
38916347477,ns,duration_time,38916347477,100,00,,
1564,65,Joules,energy-pkg,38915991960,100,00,,
1104,15,Joules,energy-cores,38915992011,100,00,,
38981563123,ns,duration_time,38981563123,100,00,,
1567,91,Joules,energy-pkg,38981194177,100,00,,
1105,22,Joules,energy-cores,38981195022,100,00,,
38907810700,ns,duration_time,38907810700,100,00,,
1562,54,Joules,energy-pkg,38907441212,100,00,,
1101,03,Joules,energy-cores,38907442433,100,00,,
