15218231958,ns,duration_time,15218231958,100,00,,
1219,74,Joules,energy-pkg,15218094904,100,00,,
1053,64,Joules,energy-cores,15218095111,100,00,,
15416338554,ns,duration_time,15416338554,100,00,,
1256,42,Joules,energy-pkg,15416201081,100,00,,
1089,69,Joules,energy-cores,15416201546,100,00,,
15246778168,ns,duration_time,15246778168,100,00,,
1272,15,Joules,energy-pkg,15246640698,100,00,,
1108,91,Joules,energy-cores,15246641010,100,00,,
15232287520,ns,duration_time,15232287520,100,00,,
1286,27,Joules,energy-pkg,15232150489,100,00,,
1123,91,Joules,energy-cores,15232150552,100,00,,
15229299224,ns,duration_time,15229299224,100,00,,
1295,01,Joules,energy-pkg,15229161628,100,00,,
1132,95,Joules,energy-cores,15229161863,100,00,,
