13831025133,ns,duration_time,13831025133,100,00,,
1096,93,Joules,energy-pkg,13830889490,100,00,,
947,65,Joules,energy-cores,13830889764,100,00,,
13829435505,ns,duration_time,13829435505,100,00,,
1095,84,Joules,energy-pkg,13829300972,100,00,,
946,40,Joules,energy-cores,13829300984,100,00,,
13549443093,ns,duration_time,13549443093,100,00,,
1080,09,Joules,energy-pkg,13549312417,100,00,,
934,05,Joules,energy-cores,13549313436,100,00,,
13851525321,ns,duration_time,13851525321,100,00,,
1100,98,Joules,energy-pkg,13851399535,100,00,,
951,09,Joules,energy-cores,13851399512,100,00,,
13535534792,ns,duration_time,13535534792,100,00,,
1082,16,Joules,energy-pkg,13535384253,100,00,,
935,18,Joules,energy-cores,13535394179,100,00,,
