32183088549,ns,duration_time,32183088549,100,00,,
1608,96,Joules,energy-pkg,32182763062,100,00,,
1233,23,Joules,energy-cores,32182763204,100,00,,
32222926991,ns,duration_time,32222926991,100,00,,
1607,62,Joules,energy-pkg,32222583324,100,00,,
1231,85,Joules,energy-cores,32222593238,100,00,,
32251895418,ns,duration_time,32251895418,100,00,,
1600,82,Joules,energy-pkg,32251606485,100,00,,
1231,69,Joules,energy-cores,32251606511,100,00,,
32196748670,ns,duration_time,32196748670,100,00,,
1629,67,Joules,energy-pkg,32196442642,100,00,,
1260,71,Joules,energy-cores,32196442868,100,00,,
32207085293,ns,duration_time,32207085293,100,00,,
1628,72,Joules,energy-pkg,32206774799,100,00,,
1256,51,Joules,energy-cores,32206774891,100,00,,
