63956203391,ns,duration_time,63956203391,100,00,,
2020,50,Joules,energy-pkg,63955559378,100,00,,
1247,66,Joules,energy-cores,63955559390,100,00,,
64058932365,ns,duration_time,64058932365,100,00,,
2018,64,Joules,energy-pkg,64058293763,100,00,,
1242,42,Joules,energy-cores,64058293847,100,00,,
64024827048,ns,duration_time,64024827048,100,00,,
2015,68,Joules,energy-pkg,64024246557,100,00,,
1246,32,Joules,energy-cores,64024246567,100,00,,
64041992492,ns,duration_time,64041992492,100,00,,
2014,97,Joules,energy-pkg,64041381178,100,00,,
1238,46,Joules,energy-cores,64041381071,100,00,,
63819086168,ns,duration_time,63819086168,100,00,,
2012,50,Joules,energy-pkg,63818470965,100,00,,
1236,14,Joules,energy-cores,63818471031,100,00,,
