32310043076,ns,duration_time,32310043076,100,00,,
1623,67,Joules,energy-pkg,32309720066,100,00,,
1247,40,Joules,energy-cores,32309720249,100,00,,
32184332994,ns,duration_time,32184332994,100,00,,
1620,29,Joules,energy-pkg,32184073969,100,00,,
1246,71,Joules,energy-cores,32184074101,100,00,,
32414260506,ns,duration_time,32414260506,100,00,,
1621,87,Joules,energy-pkg,32413948741,100,00,,
1247,24,Joules,energy-cores,32413949532,100,00,,
32225010265,ns,duration_time,32225010265,100,00,,
1623,21,Joules,energy-pkg,32224707234,100,00,,
1248,67,Joules,energy-cores,32224707340,100,00,,
32233560078,ns,duration_time,32233560078,100,00,,
1621,38,Joules,energy-pkg,32233218279,100,00,,
1247,21,Joules,energy-cores,32233218945,100,00,,
