64637346940,ns,duration_time,64637346940,100,00,,
2043,17,Joules,energy-pkg,64636686696,100,00,,
1255,32,Joules,energy-cores,64636687687,100,00,,
64201172556,ns,duration_time,64201172556,100,00,,
2030,38,Joules,energy-pkg,64200613812,100,00,,
1247,76,Joules,energy-cores,64200614856,100,00,,
64700651892,ns,duration_time,64700651892,100,00,,
2045,21,Joules,energy-pkg,64700028825,100,00,,
1255,85,Joules,energy-cores,64700030172,100,00,,
64650238396,ns,duration_time,64650238396,100,00,,
2044,55,Joules,energy-pkg,64649600502,100,00,,
1257,57,Joules,energy-cores,64649601548,100,00,,
64661098970,ns,duration_time,64661098970,100,00,,
2043,92,Joules,energy-pkg,64660430528,100,00,,
1255,91,Joules,energy-cores,64660431526,100,00,,
