17108032187,ns,duration_time,17108032187,100,00,,
1290,97,Joules,energy-pkg,17107866782,100,00,,
1100,89,Joules,energy-cores,17107866787,100,00,,
17553240400,ns,duration_time,17553240400,100,00,,
1293,32,Joules,energy-pkg,17553066058,100,00,,
1099,24,Joules,energy-cores,17553066301,100,00,,
17456085515,ns,duration_time,17456085515,100,00,,
1287,49,Joules,energy-pkg,17455927960,100,00,,
1094,91,Joules,energy-cores,17455928192,100,00,,
17003802043,ns,duration_time,17003802043,100,00,,
1274,12,Joules,energy-pkg,17003642660,100,00,,
1086,58,Joules,energy-cores,17003642499,100,00,,
16994022117,ns,duration_time,16994022117,100,00,,
1278,21,Joules,energy-pkg,16993859706,100,00,,
1090,64,Joules,energy-cores,16993860039,100,00,,
