63944193958,ns,duration_time,63944193958,100,00,,
2018,20,Joules,energy-pkg,63943553349,100,00,,
1247,96,Joules,energy-cores,63943553369,100,00,,
63895477174,ns,duration_time,63895477174,100,00,,
2015,01,Joules,energy-pkg,63894944706,100,00,,
1245,61,Joules,energy-cores,63894944689,100,00,,
63964912598,ns,duration_time,63964912598,100,00,,
2012,97,Joules,energy-pkg,63964315682,100,00,,
1244,34,Joules,energy-cores,63964315627,100,00,,
64106024872,ns,duration_time,64106024872,100,00,,
2018,15,Joules,energy-pkg,64105408828,100,00,,
1246,83,Joules,energy-cores,64105408779,100,00,,
63873750138,ns,duration_time,63873750138,100,00,,
2019,57,Joules,energy-pkg,63873087261,100,00,,
1247,14,Joules,energy-cores,63873098924,100,00,,
