63952845040,ns,duration_time,63952845040,100,00,,
2016,74,Joules,energy-pkg,63952192148,100,00,,
1238,59,Joules,energy-cores,63952193070,100,00,,
64860104801,ns,duration_time,64860104801,100,00,,
2046,63,Joules,energy-pkg,64859534967,100,00,,
1255,56,Joules,energy-cores,64859534792,100,00,,
63947571238,ns,duration_time,63947571238,100,00,,
2016,09,Joules,energy-pkg,63946964104,100,00,,
1237,48,Joules,energy-cores,63946964513,100,00,,
64106056508,ns,duration_time,64106056508,100,00,,
2019,63,Joules,energy-pkg,64105423487,100,00,,
1238,83,Joules,energy-cores,64105434743,100,00,,
64040226381,ns,duration_time,64040226381,100,00,,
2015,18,Joules,energy-pkg,64039569082,100,00,,
1237,16,Joules,energy-cores,64039569948,100,00,,
