22860284352,ns,duration_time,22860284352,100,00,,
1477,72,Joules,energy-pkg,22860062869,100,00,,
1220,79,Joules,energy-cores,22860063932,100,00,,
22914082994,ns,duration_time,22914082994,100,00,,
1437,37,Joules,energy-pkg,22913861869,100,00,,
1178,27,Joules,energy-cores,22913871396,100,00,,
22871097649,ns,duration_time,22871097649,100,00,,
1423,60,Joules,energy-pkg,22870889877,100,00,,
1163,96,Joules,energy-cores,22870889843,100,00,,
23269228157,ns,duration_time,23269228157,100,00,,
1442,12,Joules,energy-pkg,23269004786,100,00,,
1176,64,Joules,energy-cores,23269005445,100,00,,
22939748481,ns,duration_time,22939748481,100,00,,
1418,95,Joules,energy-pkg,22939527970,100,00,,
1156,91,Joules,energy-cores,22939528841,100,00,,
