32249573864,ns,duration_time,32249573864,100,00,,
1598,69,Joules,energy-pkg,32249252747,100,00,,
1224,20,Joules,energy-cores,32249252677,100,00,,
32750584713,ns,duration_time,32750584713,100,00,,
1622,22,Joules,energy-pkg,32750325787,100,00,,
1241,69,Joules,energy-cores,32750325981,100,00,,
32764773604,ns,duration_time,32764773604,100,00,,
1626,48,Joules,energy-pkg,32764458582,100,00,,
1247,22,Joules,energy-cores,32764459406,100,00,,
32798918743,ns,duration_time,32798918743,100,00,,
1630,05,Joules,energy-pkg,32798590813,100,00,,
1248,85,Joules,energy-cores,32798592276,100,00,,
32330547569,ns,duration_time,32330547569,100,00,,
1610,36,Joules,energy-pkg,32330207561,100,00,,
1235,16,Joules,energy-cores,32330208493,100,00,,
