32187818508,ns,duration_time,32187818508,100,00,,
1632,06,Joules,energy-pkg,32187495467,100,00,,
1262,99,Joules,energy-cores,32187496272,100,00,,
32177368531,ns,duration_time,32177368531,100,00,,
1617,02,Joules,energy-pkg,32177046028,100,00,,
1239,98,Joules,energy-cores,32177046292,100,00,,
32185087019,ns,duration_time,32185087019,100,00,,
1623,68,Joules,energy-pkg,32184780286,100,00,,
1246,75,Joules,energy-cores,32184781623,100,00,,
32231892872,ns,duration_time,32231892872,100,00,,
1636,86,Joules,energy-pkg,32231586113,100,00,,
1267,13,Joules,energy-cores,32231586142,100,00,,
33635460434,ns,duration_time,33635460434,100,00,,
1666,02,Joules,energy-pkg,33635125313,100,00,,
1271,22,Joules,energy-cores,33635134721,100,00,,
