64004963757,ns,duration_time,64004963757,100,00,,
2019,81,Joules,energy-pkg,64004312017,100,00,,
1240,54,Joules,energy-cores,64004313161,100,00,,
63977928354,ns,duration_time,63977928354,100,00,,
2019,82,Joules,energy-pkg,63977363402,100,00,,
1241,22,Joules,energy-cores,63977364323,100,00,,
65095420970,ns,duration_time,65095420970,100,00,,
2040,59,Joules,energy-pkg,65094781678,100,00,,
1250,72,Joules,energy-cores,65094791961,100,00,,
65070960638,ns,duration_time,65070960638,100,00,,
2042,67,Joules,energy-pkg,65070320625,100,00,,
1252,59,Joules,energy-cores,65070321488,100,00,,
65125926969,ns,duration_time,65125926969,100,00,,
2054,72,Joules,energy-pkg,65125256593,100,00,,
1262,23,Joules,energy-cores,65125257541,100,00,,
