64151087089,ns,duration_time,64151087089,100,00,,
2023,56,Joules,energy-pkg,64150443109,100,00,,
1252,48,Joules,energy-cores,64150443168,100,00,,
64163528803,ns,duration_time,64163528803,100,00,,
2023,13,Joules,energy-pkg,64162958175,100,00,,
1245,97,Joules,energy-cores,64162958136,100,00,,
64010947155,ns,duration_time,64010947155,100,00,,
2023,07,Joules,energy-pkg,64010342088,100,00,,
1250,29,Joules,energy-cores,64010343520,100,00,,
64086649299,ns,duration_time,64086649299,100,00,,
2024,89,Joules,energy-pkg,64086033406,100,00,,
1250,96,Joules,energy-cores,64086033441,100,00,,
65759229040,ns,duration_time,65759229040,100,00,,
2078,82,Joules,energy-pkg,65758544101,100,00,,
1284,27,Joules,energy-cores,65758554526,100,00,,
