38845988085,ns,duration_time,38845988085,100,00,,
1573,50,Joules,energy-pkg,38845620959,100,00,,
1113,66,Joules,energy-cores,38845621842,100,00,,
39165090759,ns,duration_time,39165090759,100,00,,
1576,94,Joules,energy-pkg,39164718869,100,00,,
1112,82,Joules,energy-cores,39164720239,100,00,,
38944739725,ns,duration_time,38944739725,100,00,,
1566,03,Joules,energy-pkg,38944371431,100,00,,
1104,81,Joules,energy-cores,38944372542,100,00,,
39224145638,ns,duration_time,39224145638,100,00,,
1574,57,Joules,energy-pkg,39223772305,100,00,,
1109,42,Joules,energy-cores,39223773698,100,00,,
39124479733,ns,duration_time,39124479733,100,00,,
1567,98,Joules,energy-pkg,39124110426,100,00,,
1104,28,Joules,energy-cores,39124111399,100,00,,
