23144503502,ns,duration_time,23144503502,100,00,,
1460,34,Joules,energy-pkg,23144293203,100,00,,
1198,62,Joules,energy-cores,23144293309,100,00,,
22968772001,ns,duration_time,22968772001,100,00,,
1430,48,Joules,energy-pkg,22968564845,100,00,,
1170,05,Joules,energy-cores,22968565143,100,00,,
23050422801,ns,duration_time,23050422801,100,00,,
1427,56,Joules,energy-pkg,23050214968,100,00,,
1165,00,Joules,energy-cores,23050215059,100,00,,
22915603795,ns,duration_time,22915603795,100,00,,
1420,09,Joules,energy-pkg,22915395882,100,00,,
1159,06,Joules,energy-cores,22915396036,100,00,,
23435916901,ns,duration_time,23435916901,100,00,,
1436,93,Joules,energy-pkg,23435705597,100,00,,
1168,91,Joules,energy-cores,23435705826,100,00,,
