64176689379,ns,duration_time,64176689379,100,00,,
2026,26,Joules,energy-pkg,64176035807,100,00,,
1244,03,Joules,energy-cores,64176046694,100,00,,
64305964288,ns,duration_time,64305964288,100,00,,
2027,31,Joules,energy-pkg,64305379867,100,00,,
1245,56,Joules,energy-cores,64305380823,100,00,,
64040282889,ns,duration_time,64040282889,100,00,,
2017,40,Joules,energy-pkg,64039672626,100,00,,
1237,20,Joules,energy-cores,64039672625,100,00,,
64018489789,ns,duration_time,64018489789,100,00,,
2019,05,Joules,energy-pkg,64017856370,100,00,,
1238,93,Joules,energy-cores,64017867972,100,00,,
64063128415,ns,duration_time,64063128415,100,00,,
2019,97,Joules,energy-pkg,64062484460,100,00,,
1240,68,Joules,energy-cores,64062484425,100,00,,
