32220406617,ns,duration_time,32220406617,100,00,,
1620,14,Joules,energy-pkg,32220061402,100,00,,
1246,87,Joules,energy-cores,32220071600,100,00,,
32217505493,ns,duration_time,32217505493,100,00,,
1621,72,Joules,energy-pkg,32217242862,100,00,,
1247,99,Joules,energy-cores,32217243469,100,00,,
32239928293,ns,duration_time,32239928293,100,00,,
1627,00,Joules,energy-pkg,32239617428,100,00,,
1253,43,Joules,energy-cores,32239618308,100,00,,
32300115235,ns,duration_time,32300115235,100,00,,
1625,76,Joules,energy-pkg,32299807063,100,00,,
1251,09,Joules,energy-cores,32299807514,100,00,,
32197678199,ns,duration_time,32197678199,100,00,,
1626,80,Joules,energy-pkg,32197339261,100,00,,
1252,89,Joules,energy-cores,32197350849,100,00,,
