10844834497,ns,duration_time,10844834497,100,00,,
976,54,Joules,energy-pkg,10844715492,100,00,,
851,76,Joules,energy-cores,10844726428,100,00,,
11242894839,ns,duration_time,11242894839,100,00,,
1011,80,Joules,energy-pkg,11242786676,100,00,,
882,15,Joules,energy-cores,11242786975,100,00,,
10852747723,ns,duration_time,10852747723,100,00,,
994,31,Joules,energy-pkg,10852643730,100,00,,
868,79,Joules,energy-cores,10852644232,100,00,,
11415215305,ns,duration_time,11415215305,100,00,,
1022,76,Joules,energy-pkg,11415106697,100,00,,
891,12,Joules,energy-cores,11415106935,100,00,,
11170760150,ns,duration_time,11170760150,100,00,,
1009,75,Joules,energy-pkg,11170654162,100,00,,
880,96,Joules,energy-cores,11170654531,100,00,,
