18210918879,ns,duration_time,18210918879,100,00,,
1075,29,Joules,energy-pkg,18210737603,100,00,,
863,84,Joules,energy-cores,18210738061,100,00,,
18342009853,ns,duration_time,18342009853,100,00,,
1091,21,Joules,energy-pkg,18341831683,100,00,,
879,95,Joules,energy-cores,18341832034,100,00,,
18577481768,ns,duration_time,18577481768,100,00,,
1102,93,Joules,energy-pkg,18577288905,100,00,,
888,65,Joules,energy-cores,18577300328,100,00,,
18431463786,ns,duration_time,18431463786,100,00,,
1081,33,Joules,energy-pkg,18431273600,100,00,,
867,59,Joules,energy-cores,18431283710,100,00,,
18619610991,ns,duration_time,18619610991,100,00,,
1111,20,Joules,energy-pkg,18619384645,100,00,,
896,10,Joules,energy-cores,18619385031,100,00,,
