32893865454,ns,duration_time,32893865454,100,00,,
1216,15,Joules,energy-pkg,32893538662,100,00,,
829,15,Joules,energy-cores,32893538830,100,00,,
32635090220,ns,duration_time,32635090220,100,00,,
1212,92,Joules,energy-pkg,32634767396,100,00,,
828,25,Joules,energy-cores,32634767899,100,00,,
33348961757,ns,duration_time,33348961757,100,00,,
1245,03,Joules,energy-pkg,33348635945,100,00,,
846,52,Joules,energy-cores,33348636218,100,00,,
32888453097,ns,duration_time,32888453097,100,00,,
1229,50,Joules,energy-pkg,32888130318,100,00,,
840,73,Joules,energy-cores,32888130671,100,00,,
32697409369,ns,duration_time,32697409369,100,00,,
1217,71,Joules,energy-pkg,32697062045,100,00,,
830,96,Joules,energy-cores,32697062328,100,00,,
