11594715488,ns,duration_time,11594715488,100,00,,
970,18,Joules,energy-pkg,11594600670,100,00,,
840,01,Joules,energy-cores,11594601074,100,00,,
11524711623,ns,duration_time,11524711623,100,00,,
973,22,Joules,energy-pkg,11524601363,100,00,,
843,78,Joules,energy-cores,11524601420,100,00,,
11516178696,ns,duration_time,11516178696,100,00,,
976,84,Joules,energy-pkg,11516067179,100,00,,
846,82,Joules,energy-cores,11516067511,100,00,,
11710890749,ns,duration_time,11710890749,100,00,,
981,29,Joules,energy-pkg,11710776562,100,00,,
849,18,Joules,energy-cores,11710776966,100,00,,
11508387145,ns,duration_time,11508387145,100,00,,
978,94,Joules,energy-pkg,11508286522,100,00,,
849,29,Joules,energy-cores,11508283118,100,00,,
