11523972314,ns,duration_time,11523972314,100,00,,
975,38,Joules,energy-pkg,11523861055,100,00,,
846,22,Joules,energy-cores,11523861379,100,00,,
11914200885,ns,duration_time,11914200885,100,00,,
991,35,Joules,energy-pkg,11914072350,100,00,,
856,93,Joules,energy-cores,11914083382,100,00,,
11523016850,ns,duration_time,11523016850,100,00,,
987,20,Joules,energy-pkg,11522905902,100,00,,
857,59,Joules,energy-cores,11522906387,100,00,,
11538872361,ns,duration_time,11538872361,100,00,,
980,32,Joules,energy-pkg,11538738994,100,00,,
850,33,Joules,energy-cores,11538761652,100,00,,
11555271763,ns,duration_time,11555271763,100,00,,
983,75,Joules,energy-pkg,11555129408,100,00,,
853,59,Joules,energy-cores,11555129802,100,00,,
