32817493967,ns,duration_time,32817493967,100,00,,
1218,70,Joules,energy-pkg,32817167492,100,00,,
828,15,Joules,energy-cores,32817167761,100,00,,
33031531641,ns,duration_time,33031531641,100,00,,
1233,09,Joules,energy-pkg,33031195884,100,00,,
838,71,Joules,energy-cores,33031205922,100,00,,
34225041907,ns,duration_time,34225041907,100,00,,
1255,31,Joules,energy-pkg,34224704312,100,00,,
847,61,Joules,energy-cores,34224704772,100,00,,
32796034346,ns,duration_time,32796034346,100,00,,
1222,06,Joules,energy-pkg,32795713882,100,00,,
834,23,Joules,energy-cores,32795714382,100,00,,
33026308601,ns,duration_time,33026308601,100,00,,
1228,98,Joules,energy-pkg,33025913692,100,00,,
838,32,Joules,energy-cores,33025914370,100,00,,
