19800353699,ns,duration_time,19800353699,100,00,,
1119,40,Joules,energy-pkg,19800147077,100,00,,
891,96,Joules,energy-cores,19800157621,100,00,,
19765399639,ns,duration_time,19765399639,100,00,,
1117,91,Joules,energy-pkg,19765206435,100,00,,
890,89,Joules,energy-cores,19765206667,100,00,,
19897140224,ns,duration_time,19897140224,100,00,,
1130,46,Joules,energy-pkg,19896950436,100,00,,
901,32,Joules,energy-cores,19896950946,100,00,,
19842055067,ns,duration_time,19842055067,100,00,,
1124,90,Joules,energy-pkg,19841861902,100,00,,
896,66,Joules,energy-cores,19841861841,100,00,,
19873930333,ns,duration_time,19873930333,100,00,,
1129,60,Joules,energy-pkg,19873689184,100,00,,
901,15,Joules,energy-cores,19873689383,100,00,,
