33525396454,ns,duration_time,33525396454,100,00,,
1221,88,Joules,energy-pkg,33525064701,100,00,,
826,56,Joules,energy-cores,33525064830,100,00,,
33664583193,ns,duration_time,33664583193,100,00,,
1233,13,Joules,energy-pkg,33664241618,100,00,,
834,71,Joules,energy-cores,33664252342,100,00,,
33658804624,ns,duration_time,33658804624,100,00,,
1232,42,Joules,energy-pkg,33658473513,100,00,,
834,04,Joules,energy-cores,33658473516,100,00,,
33515822958,ns,duration_time,33515822958,100,00,,
1223,91,Joules,energy-pkg,33515495640,100,00,,
828,23,Joules,energy-cores,33515495637,100,00,,
33606851488,ns,duration_time,33606851488,100,00,,
1228,53,Joules,energy-pkg,33606458180,100,00,,
831,43,Joules,energy-cores,33606457999,100,00,,
