11261727984,ns,duration_time,11261727984,100,00,,
1000,84,Joules,energy-pkg,11261628594,100,00,,
872,62,Joules,energy-cores,11261628477,100,00,,
11454260653,ns,duration_time,11454260653,100,00,,
1046,90,Joules,energy-pkg,11454157111,100,00,,
917,04,Joules,energy-cores,11454157508,100,00,,
11348313080,ns,duration_time,11348313080,100,00,,
1064,66,Joules,energy-pkg,11348210491,100,00,,
936,95,Joules,energy-cores,11348210743,100,00,,
11448393481,ns,duration_time,11448393481,100,00,,
1085,36,Joules,energy-pkg,11448288518,100,00,,
956,75,Joules,energy-cores,11448288935,100,00,,
11301028385,ns,duration_time,11301028385,100,00,,
1075,58,Joules,energy-pkg,11300926409,100,00,,
948,73,Joules,energy-cores,11300926798,100,00,,
