14969971918,ns,duration_time,14969971918,100,00,,
1145,76,Joules,energy-pkg,14969824232,100,00,,
973,68,Joules,energy-cores,14969834526,100,00,,
14717558480,ns,duration_time,14717558480,100,00,,
1141,87,Joules,energy-pkg,14717426680,100,00,,
971,87,Joules,energy-cores,14717426832,100,00,,
14603259884,ns,duration_time,14603259884,100,00,,
1129,22,Joules,energy-pkg,14603129002,100,00,,
960,52,Joules,energy-cores,14603129266,100,00,,
14614989931,ns,duration_time,14614989931,100,00,,
1127,70,Joules,energy-pkg,14614846489,100,00,,
958,30,Joules,energy-cores,14614857278,100,00,,
14610750717,ns,duration_time,14610750717,100,00,,
1129,58,Joules,energy-pkg,14610619609,100,00,,
960,08,Joules,energy-cores,14610619757,100,00,,
