34887566340,ns,duration_time,34887566340,100,00,,
1266,50,Joules,energy-pkg,34887220159,100,00,,
853,96,Joules,energy-cores,34887220319,100,00,,
34891646664,ns,duration_time,34891646664,100,00,,
1272,63,Joules,energy-pkg,34891292228,100,00,,
858,95,Joules,energy-cores,34891302681,100,00,,
35008063958,ns,duration_time,35008063958,100,00,,
1267,40,Joules,energy-pkg,35007719093,100,00,,
853,39,Joules,energy-cores,35007719311,100,00,,
34852781485,ns,duration_time,34852781485,100,00,,
1268,45,Joules,energy-pkg,34852440528,100,00,,
855,97,Joules,energy-cores,34852440541,100,00,,
34967227778,ns,duration_time,34967227778,100,00,,
1272,28,Joules,energy-pkg,34966814836,100,00,,
857,86,Joules,energy-cores,34966814653,100,00,,
