32844982629,ns,duration_time,32844982629,100,00,,
1199,23,Joules,energy-pkg,32844655789,100,00,,
812,46,Joules,energy-cores,32844656332,100,00,,
33058331273,ns,duration_time,33058331273,100,00,,
1205,30,Joules,energy-pkg,33057994852,100,00,,
815,69,Joules,energy-cores,33058005771,100,00,,
33145012000,ns,duration_time,33145012000,100,00,,
1218,59,Joules,energy-pkg,33144685258,100,00,,
825,25,Joules,energy-cores,33144685750,100,00,,
32874769991,ns,duration_time,32874769991,100,00,,
1199,96,Joules,energy-pkg,32874449076,100,00,,
813,07,Joules,energy-cores,32874448949,100,00,,
32929722101,ns,duration_time,32929722101,100,00,,
1203,76,Joules,energy-pkg,32929339841,100,00,,
815,43,Joules,energy-cores,32929339836,100,00,,
