11518848538,ns,duration_time,11518848538,100,00,,
1032,74,Joules,energy-pkg,11518743142,100,00,,
901,96,Joules,energy-cores,11518743461,100,00,,
11380779089,ns,duration_time,11380779089,100,00,,
1056,82,Joules,energy-pkg,11380674243,100,00,,
928,60,Joules,energy-cores,11380674555,100,00,,
11459861303,ns,duration_time,11459861303,100,00,,
1080,01,Joules,energy-pkg,11459757577,100,00,,
951,06,Joules,energy-cores,11459758036,100,00,,
11435926005,ns,duration_time,11435926005,100,00,,
1087,08,Joules,energy-pkg,11435822858,100,00,,
958,63,Joules,energy-cores,11435823090,100,00,,
11589275139,ns,duration_time,11589275139,100,00,,
1093,63,Joules,energy-pkg,11589172412,100,00,,
963,88,Joules,energy-cores,11589172506,100,00,,
