15275563248,ns,duration_time,15275563248,100,00,,
1168,04,Joules,energy-pkg,15275427228,100,00,,
991,65,Joules,energy-cores,15275427305,100,00,,
15258584806,ns,duration_time,15258584806,100,00,,
1160,72,Joules,energy-pkg,15258436174,100,00,,
983,80,Joules,energy-cores,15258446731,100,00,,
15762619788,ns,duration_time,15762619788,100,00,,
1176,85,Joules,energy-pkg,15762477532,100,00,,
993,94,Joules,energy-cores,15762478003,100,00,,
15450207352,ns,duration_time,15450207352,100,00,,
1166,97,Joules,energy-pkg,15450056668,100,00,,
987,61,Joules,energy-cores,15450067720,100,00,,
15453780261,ns,duration_time,15453780261,100,00,,
1164,44,Joules,energy-pkg,15453627263,100,00,,
985,03,Joules,energy-cores,15453638006,100,00,,
