12047695235,ns,duration_time,12047695235,100,00,,
981,95,Joules,energy-pkg,12047566508,100,00,,
847,06,Joules,energy-cores,12047566546,100,00,,
12086392273,ns,duration_time,12086392273,100,00,,
989,44,Joules,energy-pkg,12086277285,100,00,,
854,05,Joules,energy-cores,12086277396,100,00,,
12090458590,ns,duration_time,12090458590,100,00,,
993,13,Joules,energy-pkg,12090331585,100,00,,
857,47,Joules,energy-cores,12090341955,100,00,,
12116594809,ns,duration_time,12116594809,100,00,,
997,55,Joules,energy-pkg,12116479431,100,00,,
861,44,Joules,energy-cores,12116479588,100,00,,
12038108284,ns,duration_time,12038108284,100,00,,
989,54,Joules,energy-pkg,12037960189,100,00,,
854,46,Joules,energy-cores,12037960019,100,00,,
