21929872304,ns,duration_time,21929872304,100,00,,
1208,56,Joules,energy-pkg,21929672359,100,00,,
943,64,Joules,energy-cores,21929672373,100,00,,
22471869685,ns,duration_time,22471869685,100,00,,
1183,74,Joules,energy-pkg,22471664613,100,00,,
912,50,Joules,energy-cores,22471664597,100,00,,
21811118181,ns,duration_time,21811118181,100,00,,
1152,43,Joules,energy-pkg,21810908136,100,00,,
890,46,Joules,energy-cores,21810918711,100,00,,
21842710035,ns,duration_time,21842710035,100,00,,
1147,12,Joules,energy-pkg,21842510341,100,00,,
884,72,Joules,energy-cores,21842510563,100,00,,
21763942265,ns,duration_time,21763942265,100,00,,
1137,19,Joules,energy-pkg,21763742285,100,00,,
876,26,Joules,energy-cores,21763742476,100,00,,
