32451042035,ns,duration_time,32451042035,100,00,,
1204,68,Joules,energy-pkg,32450720623,100,00,,
821,63,Joules,energy-cores,32450720894,100,00,,
32301448513,ns,duration_time,32301448513,100,00,,
1202,79,Joules,energy-pkg,32301128150,100,00,,
818,31,Joules,energy-cores,32301128784,100,00,,
32319007783,ns,duration_time,32319007783,100,00,,
1205,22,Joules,energy-pkg,32318692657,100,00,,
819,65,Joules,energy-cores,32318692679,100,00,,
32470543307,ns,duration_time,32470543307,100,00,,
1213,20,Joules,energy-pkg,32470212532,100,00,,
826,71,Joules,energy-cores,32470213387,100,00,,
32778570975,ns,duration_time,32778570975,100,00,,
1232,65,Joules,energy-pkg,32778167210,100,00,,
840,06,Joules,energy-cores,32778167916,100,00,,
