18445466741,ns,duration_time,18445466741,100,00,,
1075,96,Joules,energy-pkg,18445286186,100,00,,
864,03,Joules,energy-cores,18445286267,100,00,,
18323360868,ns,duration_time,18323360868,100,00,,
1076,68,Joules,energy-pkg,18323184003,100,00,,
865,85,Joules,energy-cores,18323183939,100,00,,
18529558413,ns,duration_time,18529558413,100,00,,
1085,30,Joules,energy-pkg,18529378794,100,00,,
871,61,Joules,energy-cores,18529378691,100,00,,
18334688902,ns,duration_time,18334688902,100,00,,
1075,96,Joules,energy-pkg,18334512440,100,00,,
864,79,Joules,energy-cores,18334512738,100,00,,
18102091536,ns,duration_time,18102091536,100,00,,
1068,06,Joules,energy-pkg,18101876250,100,00,,
859,79,Joules,energy-cores,18101876637,100,00,,
