32942858608,ns,duration_time,32942858608,100,00,,
1209,84,Joules,energy-pkg,32942535478,100,00,,
819,50,Joules,energy-cores,32942535389,100,00,,
32986592250,ns,duration_time,32986592250,100,00,,
1215,33,Joules,energy-pkg,32986255572,100,00,,
823,23,Joules,energy-cores,32986266318,100,00,,
32375677067,ns,duration_time,32375677067,100,00,,
1184,30,Joules,energy-pkg,32375361130,100,00,,
802,59,Joules,energy-cores,32375361016,100,00,,
32550554374,ns,duration_time,32550554374,100,00,,
1192,73,Joules,energy-pkg,32550236151,100,00,,
807,76,Joules,energy-cores,32550236024,100,00,,
32975509311,ns,duration_time,32975509311,100,00,,
1210,78,Joules,energy-pkg,32975129568,100,00,,
819,82,Joules,energy-cores,32975129490,100,00,,
