18448221373,ns,duration_time,18448221373,100,00,,
1070,85,Joules,energy-pkg,18448038571,100,00,,
860,67,Joules,energy-cores,18448038778,100,00,,
18510633193,ns,duration_time,18510633193,100,00,,
1069,95,Joules,energy-pkg,18510451142,100,00,,
856,26,Joules,energy-cores,18510451697,100,00,,
18507285038,ns,duration_time,18507285038,100,00,,
1093,44,Joules,energy-pkg,18507104354,100,00,,
880,96,Joules,energy-cores,18507104571,100,00,,
18066635124,ns,duration_time,18066635124,100,00,,
1057,25,Joules,energy-pkg,18066446435,100,00,,
848,02,Joules,energy-cores,18066457118,100,00,,
18232264802,ns,duration_time,18232264802,100,00,,
1083,95,Joules,energy-pkg,18232087604,100,00,,
874,18,Joules,energy-cores,18232088031,100,00,,
