19021002120,ns,duration_time,19021002120,100,00,,
1101,12,Joules,energy-pkg,19020801504,100,00,,
882,05,Joules,energy-cores,19020812482,100,00,,
18837805449,ns,duration_time,18837805449,100,00,,
1098,45,Joules,energy-pkg,18837621604,100,00,,
881,23,Joules,energy-cores,18837621678,100,00,,
19041103402,ns,duration_time,19041103402,100,00,,
1106,21,Joules,energy-pkg,19040916337,100,00,,
886,21,Joules,energy-cores,19040916895,100,00,,
19022452605,ns,duration_time,19022452605,100,00,,
1098,70,Joules,energy-pkg,19022257499,100,00,,
879,18,Joules,energy-cores,19022267566,100,00,,
19161997316,ns,duration_time,19161997316,100,00,,
1110,85,Joules,energy-pkg,19161767837,100,00,,
889,48,Joules,energy-cores,19161768375,100,00,,
