22823183503,ns,duration_time,22823183503,100,00,,
1205,57,Joules,energy-pkg,22822964889,100,00,,
930,97,Joules,energy-cores,22822975205,100,00,,
23468099122,ns,duration_time,23468099122,100,00,,
1199,46,Joules,energy-pkg,23467873399,100,00,,
918,38,Joules,energy-cores,23467884086,100,00,,
23046440346,ns,duration_time,23046440346,100,00,,
1180,85,Joules,energy-pkg,23046216789,100,00,,
904,70,Joules,energy-cores,23046228072,100,00,,
22773622364,ns,duration_time,22773622364,100,00,,
1166,60,Joules,energy-pkg,22773417791,100,00,,
894,49,Joules,energy-cores,22773417993,100,00,,
22520037715,ns,duration_time,22520037715,100,00,,
1159,77,Joules,energy-pkg,22519819963,100,00,,
890,88,Joules,energy-cores,22519820751,100,00,,
