153064587299,ns,duration_time,153064587299,100,00,,
5650,27,Joules,energy-pkg,153063000909,100,00,,
3828,90,Joules,energy-cores,153063000923,100,00,,
152282741646,ns,duration_time,152282741646,100,00,,
5631,42,Joules,energy-pkg,152281117867,100,00,,
3816,13,Joules,energy-cores,152281128421,100,00,,
152490244549,ns,duration_time,152490244549,100,00,,
5636,25,Joules,energy-pkg,152488510062,100,00,,
3818,83,Joules,energy-cores,152488510184,100,00,,
152499023880,ns,duration_time,152499023880,100,00,,
5635,40,Joules,energy-pkg,152497529278,100,00,,
3818,40,Joules,energy-cores,152497529417,100,00,,
152350855423,ns,duration_time,152350855423,100,00,,
5624,47,Joules,energy-pkg,152349119710,100,00,,
3812,05,Joules,energy-cores,152349119693,100,00,,
