68914288139,ns,duration_time,68914288139,100,00,,
5342,12,Joules,energy-pkg,68913624824,100,00,,
4530,39,Joules,energy-cores,68913635243,100,00,,
68743556274,ns,duration_time,68743556274,100,00,,
5347,73,Joules,energy-pkg,68742866256,100,00,,
4538,93,Joules,energy-cores,68742866216,100,00,,
68443538329,ns,duration_time,68443538329,100,00,,
5330,29,Joules,energy-pkg,68442884455,100,00,,
4525,17,Joules,energy-cores,68442885329,100,00,,
68785964674,ns,duration_time,68785964674,100,00,,
5338,24,Joules,energy-pkg,68785320668,100,00,,
4528,33,Joules,energy-cores,68785320692,100,00,,
68385140025,ns,duration_time,68385140025,100,00,,
5311,00,Joules,energy-pkg,68384500896,100,00,,
4505,75,Joules,energy-cores,68384501162,100,00,,
