52285340490,ns,duration_time,52285340490,100,00,,
4877,91,Joules,energy-pkg,52284859113,100,00,,
4281,12,Joules,energy-cores,52284859608,100,00,,
53177934334,ns,duration_time,53177934334,100,00,,
4840,53,Joules,energy-pkg,53177429344,100,00,,
4235,54,Joules,energy-cores,53177429166,100,00,,
53231894519,ns,duration_time,53231894519,100,00,,
4817,00,Joules,energy-pkg,53231380296,100,00,,
4210,03,Joules,energy-cores,53231380985,100,00,,
53165096317,ns,duration_time,53165096317,100,00,,
4783,23,Joules,energy-pkg,53164587772,100,00,,
4176,08,Joules,energy-cores,53164588378,100,00,,
53293649586,ns,duration_time,53293649586,100,00,,
4795,70,Joules,energy-pkg,53293145961,100,00,,
4187,61,Joules,energy-cores,53293146355,100,00,,
