150803588849,ns,duration_time,150803588849,100,00,,
5690,49,Joules,energy-pkg,150801976816,100,00,,
3867,63,Joules,energy-cores,150801977899,100,00,,
152162746109,ns,duration_time,152162746109,100,00,,
5760,58,Joules,energy-pkg,152161068315,100,00,,
3919,36,Joules,energy-cores,152161068524,100,00,,
150641352376,ns,duration_time,150641352376,100,00,,
5680,74,Joules,energy-pkg,150639361468,100,00,,
3866,13,Joules,energy-cores,150639361893,100,00,,
150476290363,ns,duration_time,150476290363,100,00,,
5679,16,Joules,energy-pkg,150474631458,100,00,,
3880,93,Joules,energy-cores,150474631673,100,00,,
150380074053,ns,duration_time,150380074053,100,00,,
5654,00,Joules,energy-pkg,150378512182,100,00,,
3860,82,Joules,energy-cores,150378512467,100,00,,
