53174173681,ns,duration_time,53174173681,100,00,,
4873,89,Joules,energy-pkg,53173598922,100,00,,
4275,84,Joules,energy-cores,53173599097,100,00,,
51862279936,ns,duration_time,51862279936,100,00,,
4803,09,Joules,energy-pkg,51861698417,100,00,,
4221,60,Joules,energy-cores,51861698810,100,00,,
52020863365,ns,duration_time,52020863365,100,00,,
4812,15,Joules,energy-pkg,52020116072,100,00,,
4229,10,Joules,energy-cores,52020126949,100,00,,
52181390357,ns,duration_time,52181390357,100,00,,
4828,49,Joules,energy-pkg,52180813858,100,00,,
4241,52,Joules,energy-cores,52180814826,100,00,,
51901127743,ns,duration_time,51901127743,100,00,,
4817,26,Joules,energy-pkg,51900591395,100,00,,
4233,75,Joules,energy-cores,51900591925,100,00,,
