53363799509,ns,duration_time,53363799509,100,00,,
4680,81,Joules,energy-pkg,53363220236,100,00,,
4072,28,Joules,energy-cores,53363221226,100,00,,
53331891238,ns,duration_time,53331891238,100,00,,
4681,08,Joules,energy-pkg,53331289412,100,00,,
4074,23,Joules,energy-cores,53331289346,100,00,,
53261052275,ns,duration_time,53261052275,100,00,,
4668,49,Joules,energy-pkg,53260359926,100,00,,
4064,96,Joules,energy-cores,53260359949,100,00,,
53307711873,ns,duration_time,53307711873,100,00,,
4684,48,Joules,energy-pkg,53307122445,100,00,,
4078,04,Joules,energy-cores,53307122751,100,00,,
53712866894,ns,duration_time,53712866894,100,00,,
4706,91,Joules,energy-pkg,53712355050,100,00,,
4095,23,Joules,energy-cores,53712355524,100,00,,
