83556157837,ns,duration_time,83556157837,100,00,,
5091,17,Joules,energy-pkg,83555267568,100,00,,
4115,39,Joules,energy-cores,83555278458,100,00,,
84789685188,ns,duration_time,84789685188,100,00,,
5148,94,Joules,energy-pkg,84788760179,100,00,,
4155,53,Joules,energy-cores,84788770886,100,00,,
84263645668,ns,duration_time,84263645668,100,00,,
5108,32,Joules,energy-pkg,84262615894,100,00,,
4121,08,Joules,energy-cores,84262616450,100,00,,
84505013439,ns,duration_time,84505013439,100,00,,
5132,88,Joules,energy-pkg,84504316234,100,00,,
4144,59,Joules,energy-cores,84504316605,100,00,,
84211997583,ns,duration_time,84211997583,100,00,,
5101,01,Joules,energy-pkg,84211121544,100,00,,
4115,99,Joules,energy-cores,84211121435,100,00,,
