102105697034,ns,duration_time,102105697034,100,00,,
5568,07,Joules,energy-pkg,102104730115,100,00,,
4325,23,Joules,energy-cores,102104741081,100,00,,
100255015828,ns,duration_time,100255015828,100,00,,
5347,59,Joules,energy-pkg,100254081143,100,00,,
4134,54,Joules,energy-cores,100254081201,100,00,,
102141218704,ns,duration_time,102141218704,100,00,,
5358,45,Joules,energy-pkg,102140275008,100,00,,
4126,24,Joules,energy-cores,102140275180,100,00,,
100241539271,ns,duration_time,100241539271,100,00,,
5295,87,Joules,energy-pkg,100240595771,100,00,,
4089,09,Joules,energy-cores,100240606657,100,00,,
102065799709,ns,duration_time,102065799709,100,00,,
5320,50,Joules,energy-pkg,102064851209,100,00,,
4092,53,Joules,energy-cores,102064850949,100,00,,
