155891588684,ns,duration_time,155891588684,100,00,,
5770,95,Joules,energy-pkg,155889951636,100,00,,
3904,59,Joules,energy-cores,155889962084,100,00,,
156035924943,ns,duration_time,156035924943,100,00,,
5778,30,Joules,energy-pkg,156034248737,100,00,,
3906,38,Joules,energy-cores,156034259504,100,00,,
155948610487,ns,duration_time,155948610487,100,00,,
5763,74,Joules,energy-pkg,155946785051,100,00,,
3896,61,Joules,energy-cores,155946785123,100,00,,
155931512082,ns,duration_time,155931512082,100,00,,
5763,18,Joules,energy-pkg,155930077784,100,00,,
3898,01,Joules,energy-cores,155930077752,100,00,,
155413867413,ns,duration_time,155413867413,100,00,,
5740,57,Joules,energy-pkg,155412019121,100,00,,
3883,24,Joules,energy-cores,155412018890,100,00,,
