69470785200,ns,duration_time,69470785200,100,00,,
5244,42,Joules,energy-pkg,69470123053,100,00,,
4430,15,Joules,energy-cores,69470123772,100,00,,
68331852400,ns,duration_time,68331852400,100,00,,
5333,93,Joules,energy-pkg,68331196537,100,00,,
4529,62,Joules,energy-cores,68331206849,100,00,,
67185154466,ns,duration_time,67185154466,100,00,,
5273,92,Joules,energy-pkg,67184524450,100,00,,
4484,01,Joules,energy-cores,67184524563,100,00,,
67924367939,ns,duration_time,67924367939,100,00,,
5305,06,Joules,energy-pkg,67923732274,100,00,,
4506,28,Joules,energy-cores,67923732382,100,00,,
69316468674,ns,duration_time,69316468674,100,00,,
5369,43,Joules,energy-pkg,69315819994,100,00,,
4555,24,Joules,energy-cores,69315820157,100,00,,
