150431057494,ns,duration_time,150431057494,100,00,,
5671,20,Joules,energy-pkg,150429396352,100,00,,
3857,03,Joules,energy-cores,150429396396,100,00,,
151058394807,ns,duration_time,151058394807,100,00,,
5671,36,Joules,energy-pkg,151056657040,100,00,,
3872,51,Joules,energy-cores,151056657306,100,00,,
151837877361,ns,duration_time,151837877361,100,00,,
5698,71,Joules,energy-pkg,151836281057,100,00,,
3873,21,Joules,energy-cores,151836281604,100,00,,
152204805918,ns,duration_time,152204805918,100,00,,
5705,50,Joules,energy-pkg,152203117131,100,00,,
3877,84,Joules,energy-cores,152203117375,100,00,,
150841767005,ns,duration_time,150841767005,100,00,,
5662,93,Joules,energy-pkg,150840222277,100,00,,
3852,77,Joules,energy-cores,150840222868,100,00,,
