84349038877,ns,duration_time,84349038877,100,00,,
5198,15,Joules,energy-pkg,84348132148,100,00,,
4202,31,Joules,energy-cores,84348132590,100,00,,
84410962277,ns,duration_time,84410962277,100,00,,
5253,71,Joules,energy-pkg,84410021113,100,00,,
4260,65,Joules,energy-cores,84410021619,100,00,,
84515763117,ns,duration_time,84515763117,100,00,,
5242,40,Joules,energy-pkg,84514597047,100,00,,
4255,06,Joules,energy-cores,84514597772,100,00,,
84103219570,ns,duration_time,84103219570,100,00,,
5267,14,Joules,energy-pkg,84102290082,100,00,,
4270,72,Joules,energy-cores,84102290086,100,00,,
86063038649,ns,duration_time,86063038649,100,00,,
5317,08,Joules,energy-pkg,86062138079,100,00,,
4307,26,Joules,energy-cores,86062148173,100,00,,
