85080124352,ns,duration_time,85080124352,100,00,,
5155,90,Joules,energy-pkg,85079217757,100,00,,
4160,10,Joules,energy-cores,85079227875,100,00,,
85092370451,ns,duration_time,85092370451,100,00,,
5161,01,Joules,energy-pkg,85091447655,100,00,,
4163,82,Joules,energy-cores,85091448171,100,00,,
85406108097,ns,duration_time,85406108097,100,00,,
5146,87,Joules,energy-pkg,85405045799,100,00,,
4146,89,Joules,energy-cores,85405046195,100,00,,
85116018126,ns,duration_time,85116018126,100,00,,
5149,51,Joules,energy-pkg,85115352450,100,00,,
4153,00,Joules,energy-cores,85115352706,100,00,,
85437771119,ns,duration_time,85437771119,100,00,,
5131,45,Joules,energy-pkg,85436878471,100,00,,
4131,82,Joules,energy-cores,85436878975,100,00,,
