150386069664,ns,duration_time,150386069664,100,00,,
5617,32,Joules,energy-pkg,150384495333,100,00,,
3828,38,Joules,energy-cores,150384495241,100,00,,
152134031173,ns,duration_time,152134031173,100,00,,
5705,63,Joules,energy-pkg,152132386431,100,00,,
3876,94,Joules,energy-cores,152132387371,100,00,,
152925181050,ns,duration_time,152925181050,100,00,,
5681,54,Joules,energy-pkg,152923352282,100,00,,
3863,31,Joules,energy-cores,152923352675,100,00,,
152889298754,ns,duration_time,152889298754,100,00,,
5727,93,Joules,energy-pkg,152887964252,100,00,,
3888,48,Joules,energy-cores,152887964205,100,00,,
152150097469,ns,duration_time,152150097469,100,00,,
5696,57,Joules,energy-pkg,152148402157,100,00,,
3869,03,Joules,energy-cores,152148412938,100,00,,
