51169540937,ns,duration_time,51169540937,100,00,,
4902,92,Joules,energy-pkg,51169069446,100,00,,
4320,41,Joules,energy-cores,51169070039,100,00,,
53169461328,ns,duration_time,53169461328,100,00,,
4882,28,Joules,energy-pkg,53168973294,100,00,,
4277,23,Joules,energy-cores,53168973413,100,00,,
52197719604,ns,duration_time,52197719604,100,00,,
4743,00,Joules,energy-pkg,52197220298,100,00,,
4147,85,Joules,energy-cores,52197220440,100,00,,
52523758414,ns,duration_time,52523758414,100,00,,
4770,40,Joules,energy-pkg,52523255570,100,00,,
4171,27,Joules,energy-cores,52523255831,100,00,,
52505383443,ns,duration_time,52505383443,100,00,,
4768,69,Joules,energy-pkg,52504881937,100,00,,
4169,53,Joules,energy-cores,52504882642,100,00,,
