153809389657,ns,duration_time,153809389657,100,00,,
5689,05,Joules,energy-pkg,153807789610,100,00,,
3852,14,Joules,energy-cores,153807789899,100,00,,
153265477300,ns,duration_time,153265477300,100,00,,
5674,68,Joules,energy-pkg,153263837496,100,00,,
3844,03,Joules,energy-cores,153263847544,100,00,,
153226641514,ns,duration_time,153226641514,100,00,,
5663,98,Joules,energy-pkg,153224879953,100,00,,
3834,84,Joules,energy-cores,153224880073,100,00,,
152570665051,ns,duration_time,152570665051,100,00,,
5640,77,Joules,energy-pkg,152569207643,100,00,,
3820,48,Joules,energy-cores,152569207722,100,00,,
153431503477,ns,duration_time,153431503477,100,00,,
5671,36,Joules,energy-pkg,153429723027,100,00,,
3840,61,Joules,energy-cores,153429723170,100,00,,
