103112230130,ns,duration_time,103112230130,100,00,,
5465,48,Joules,energy-pkg,103111267397,100,00,,
4215,59,Joules,energy-cores,103111267099,100,00,,
105318732306,ns,duration_time,105318732306,100,00,,
5464,95,Joules,energy-pkg,105317749884,100,00,,
4191,90,Joules,energy-cores,105317750418,100,00,,
102840003816,ns,duration_time,102840003816,100,00,,
5382,09,Joules,energy-pkg,102839045215,100,00,,
4140,54,Joules,energy-cores,102839045592,100,00,,
104750796899,ns,duration_time,104750796899,100,00,,
5411,56,Joules,energy-pkg,104749811002,100,00,,
4150,19,Joules,energy-cores,104749821478,100,00,,
105295522702,ns,duration_time,105295522702,100,00,,
5414,64,Joules,energy-pkg,105294274687,100,00,,
4148,25,Joules,energy-cores,105294274812,100,00,,
