86596743516,ns,duration_time,86596743516,100,00,,
5160,35,Joules,energy-pkg,86595826990,100,00,,
4147,73,Joules,energy-cores,86595827056,100,00,,
86833139196,ns,duration_time,86833139196,100,00,,
5181,14,Joules,energy-pkg,86832191114,100,00,,
4165,57,Joules,energy-cores,86832192069,100,00,,
86458575631,ns,duration_time,86458575631,100,00,,
5139,63,Joules,energy-pkg,86457476636,100,00,,
4129,67,Joules,energy-cores,86457476688,100,00,,
86461152076,ns,duration_time,86461152076,100,00,,
5147,30,Joules,energy-pkg,86460453791,100,00,,
4135,74,Joules,energy-cores,86460454257,100,00,,
86395503782,ns,duration_time,86395503782,100,00,,
5141,56,Joules,energy-pkg,86394606443,100,00,,
4130,49,Joules,energy-cores,86394606454,100,00,,
