154699750287,ns,duration_time,154699750287,100,00,,
5696,78,Joules,energy-pkg,154698137236,100,00,,
3850,47,Joules,energy-cores,154698148082,100,00,,
151822801909,ns,duration_time,151822801909,100,00,,
5618,96,Joules,energy-pkg,151821197509,100,00,,
3807,54,Joules,energy-cores,151821197377,100,00,,
151550695781,ns,duration_time,151550695781,100,00,,
5618,09,Joules,energy-pkg,151548976908,100,00,,
3806,02,Joules,energy-cores,151548987718,100,00,,
151408554950,ns,duration_time,151408554950,100,00,,
5611,48,Joules,energy-pkg,151407042604,100,00,,
3803,69,Joules,energy-cores,151407042453,100,00,,
151637868557,ns,duration_time,151637868557,100,00,,
5621,48,Joules,energy-pkg,151636164275,100,00,,
3810,48,Joules,energy-cores,151636164342,100,00,,
