50343939731,ns,duration_time,50343939731,100,00,,
4768,81,Joules,energy-pkg,50343364230,100,00,,
4184,07,Joules,energy-cores,50343364539,100,00,,
50072894692,ns,duration_time,50072894692,100,00,,
4735,17,Joules,energy-pkg,50072335138,100,00,,
4153,40,Joules,energy-cores,50072335383,100,00,,
51331442663,ns,duration_time,51331442663,100,00,,
4809,38,Joules,energy-pkg,51330903354,100,00,,
4212,47,Joules,energy-cores,51330903590,100,00,,
50146714473,ns,duration_time,50146714473,100,00,,
4747,64,Joules,energy-pkg,50146159499,100,00,,
4164,33,Joules,energy-cores,50146159679,100,00,,
50995517959,ns,duration_time,50995517959,100,00,,
4786,59,Joules,energy-pkg,50995007153,100,00,,
4194,04,Joules,energy-cores,50995007172,100,00,,
