51509408132,ns,duration_time,51509408132,100,00,,
4814,82,Joules,energy-pkg,51508823055,100,00,,
4236,61,Joules,energy-cores,51508823349,100,00,,
51734545135,ns,duration_time,51734545135,100,00,,
4806,60,Joules,energy-pkg,51733926449,100,00,,
4226,61,Joules,energy-cores,51733926649,100,00,,
52432144684,ns,duration_time,52432144684,100,00,,
4806,77,Joules,energy-pkg,52431580471,100,00,,
4218,72,Joules,energy-cores,52431591348,100,00,,
51912543462,ns,duration_time,51912543462,100,00,,
4802,81,Joules,energy-pkg,51911965856,100,00,,
4221,81,Joules,energy-cores,51911965943,100,00,,
51757393078,ns,duration_time,51757393078,100,00,,
4790,65,Joules,energy-pkg,51756872228,100,00,,
4210,16,Joules,energy-cores,51756872222,100,00,,
