86102012809,ns,duration_time,86102012809,100,00,,
5263,94,Joules,energy-pkg,86101044910,100,00,,
4257,81,Joules,energy-cores,86101045151,100,00,,
84991370532,ns,duration_time,84991370532,100,00,,
5266,56,Joules,energy-pkg,84990371101,100,00,,
4279,07,Joules,energy-cores,84990371243,100,00,,
84569891912,ns,duration_time,84569891912,100,00,,
5227,82,Joules,energy-pkg,84569003679,100,00,,
4247,53,Joules,energy-cores,84569003502,100,00,,
84112264796,ns,duration_time,84112264796,100,00,,
5188,01,Joules,energy-pkg,84111328757,100,00,,
4195,00,Joules,energy-cores,84111328175,100,00,,
83687847316,ns,duration_time,83687847316,100,00,,
5221,15,Joules,energy-pkg,83686986673,100,00,,
4230,83,Joules,energy-cores,83686997629,100,00,,
