1078967898,ns,duration_time,1078967898,100,00,,
67,78,Joules,energy-pkg,1078951508,100,00,,
56,07,Joules,energy-cores,1078951708,100,00,,
1106052869,ns,duration_time,1106052869,100,00,,
68,99,Joules,energy-pkg,1106022134,100,00,,
56,98,Joules,energy-cores,1106034038,100,00,,
1096461718,ns,duration_time,1096461718,100,00,,
68,54,Joules,energy-pkg,1096443240,100,00,,
56,64,Joules,energy-cores,1096443658,100,00,,
1100504222,ns,duration_time,1100504222,100,00,,
68,83,Joules,energy-pkg,1100488003,100,00,,
56,91,Joules,energy-cores,1100488468,100,00,,
1102163071,ns,duration_time,1102163071,100,00,,
68,91,Joules,energy-pkg,1102146006,100,00,,
56,97,Joules,energy-cores,1102146266,100,00,,
