1450625526,ns,duration_time,1450625526,100,00,,
80,17,Joules,energy-pkg,1450612887,100,00,,
64,63,Joules,energy-cores,1450612902,100,00,,
1381856460,ns,duration_time,1381856460,100,00,,
76,34,Joules,energy-pkg,1381843857,100,00,,
61,59,Joules,energy-cores,1381844417,100,00,,
1374318083,ns,duration_time,1374318083,100,00,,
76,01,Joules,energy-pkg,1374295462,100,00,,
61,55,Joules,energy-cores,1374296363,100,00,,
1381036015,ns,duration_time,1381036015,100,00,,
76,03,Joules,energy-pkg,1381022434,100,00,,
61,43,Joules,energy-cores,1381022735,100,00,,
1456770056,ns,duration_time,1456770056,100,00,,
79,08,Joules,energy-pkg,1456757399,100,00,,
63,51,Joules,energy-cores,1456757713,100,00,,
