2604369471,ns,duration_time,2604369471,100,00,,
103,70,Joules,energy-pkg,2604344094,100,00,,
75,20,Joules,energy-cores,2604343927,100,00,,
2610374486,ns,duration_time,2610374486,100,00,,
103,50,Joules,energy-pkg,2610350645,100,00,,
75,03,Joules,energy-cores,2610350878,100,00,,
2706972121,ns,duration_time,2706972121,100,00,,
106,07,Joules,energy-pkg,2706949001,100,00,,
76,73,Joules,energy-cores,2706949571,100,00,,
2713300989,ns,duration_time,2713300989,100,00,,
106,91,Joules,energy-pkg,2713262303,100,00,,
77,23,Joules,energy-cores,2713263262,100,00,,
2609600552,ns,duration_time,2609600552,100,00,,
103,44,Joules,energy-pkg,2609573897,100,00,,
74,85,Joules,energy-cores,2609573986,100,00,,
