1038309489,ns,duration_time,1038309489,100,00,,
63,01,Joules,energy-pkg,1038302814,100,00,,
51,71,Joules,energy-cores,1038303059,100,00,,
1036651336,ns,duration_time,1036651336,100,00,,
62,64,Joules,energy-pkg,1036643073,100,00,,
51,21,Joules,energy-cores,1036643343,100,00,,
1041678684,ns,duration_time,1041678684,100,00,,
62,29,Joules,energy-pkg,1041672094,100,00,,
51,06,Joules,energy-cores,1041672236,100,00,,
1033276423,ns,duration_time,1033276423,100,00,,
62,33,Joules,energy-pkg,1033269764,100,00,,
50,95,Joules,energy-cores,1033269847,100,00,,
1037362622,ns,duration_time,1037362622,100,00,,
62,20,Joules,energy-pkg,1037356598,100,00,,
50,99,Joules,energy-cores,1037356832,100,00,,
