4598349000,ns,duration_time,4598349000,100,00,,
123,24,Joules,energy-pkg,4598289481,100,00,,
70,59,Joules,energy-cores,4598290702,100,00,,
4584608870,ns,duration_time,4584608870,100,00,,
122,71,Joules,energy-pkg,4584551761,100,00,,
70,24,Joules,energy-cores,4584561847,100,00,,
4580200045,ns,duration_time,4580200045,100,00,,
122,29,Joules,energy-pkg,4580140982,100,00,,
69,96,Joules,energy-cores,4580152706,100,00,,
4572131757,ns,duration_time,4572131757,100,00,,
122,03,Joules,energy-pkg,4572085716,100,00,,
69,93,Joules,energy-cores,4572085346,100,00,,
4576178869,ns,duration_time,4576178869,100,00,,
121,78,Joules,energy-pkg,4576131642,100,00,,
69,82,Joules,energy-cores,4576131909,100,00,,
