5088493809,ns,duration_time,5088493809,100,00,,
138,04,Joules,energy-pkg,5088440584,100,00,,
79,49,Joules,energy-cores,5088440477,100,00,,
5087308158,ns,duration_time,5087308158,100,00,,
136,31,Joules,energy-pkg,5087244184,100,00,,
78,43,Joules,energy-cores,5087255221,100,00,,
5092234711,ns,duration_time,5092234711,100,00,,
136,69,Joules,energy-pkg,5092169903,100,00,,
78,56,Joules,energy-cores,5092170487,100,00,,
5082005668,ns,duration_time,5082005668,100,00,,
136,31,Joules,energy-pkg,5081940971,100,00,,
78,33,Joules,energy-cores,5081941998,100,00,,
5085062694,ns,duration_time,5085062694,100,00,,
136,39,Joules,energy-pkg,5085010684,100,00,,
78,54,Joules,energy-cores,5085010665,100,00,,
