1447799076,ns,duration_time,1447799076,100,00,,
80,19,Joules,energy-pkg,1447786164,100,00,,
64,61,Joules,energy-cores,1447786542,100,00,,
1372542422,ns,duration_time,1372542422,100,00,,
76,72,Joules,energy-pkg,1372530841,100,00,,
62,06,Joules,energy-cores,1372531159,100,00,,
1446175278,ns,duration_time,1446175278,100,00,,
79,08,Joules,energy-pkg,1446163782,100,00,,
63,57,Joules,energy-cores,1446164237,100,00,,
1452954102,ns,duration_time,1452954102,100,00,,
78,72,Joules,energy-pkg,1452941122,100,00,,
63,20,Joules,energy-cores,1452941423,100,00,,
1368233427,ns,duration_time,1368233427,100,00,,
75,51,Joules,energy-pkg,1368222876,100,00,,
60,81,Joules,energy-cores,1368223263,100,00,,
