2582614923,ns,duration_time,2582614923,100,00,,
101,05,Joules,energy-pkg,2582575941,100,00,,
72,72,Joules,energy-cores,2582577275,100,00,,
2576963468,ns,duration_time,2576963468,100,00,,
100,92,Joules,energy-pkg,2576925559,100,00,,
72,57,Joules,energy-cores,2576936477,100,00,,
2581582105,ns,duration_time,2581582105,100,00,,
100,61,Joules,energy-pkg,2581544031,100,00,,
72,26,Joules,energy-cores,2581545169,100,00,,
2374999605,ns,duration_time,2374999605,100,00,,
93,96,Joules,energy-pkg,2374978472,100,00,,
67,88,Joules,energy-cores,2374978651,100,00,,
2394491654,ns,duration_time,2394491654,100,00,,
94,70,Joules,energy-pkg,2394467489,100,00,,
68,35,Joules,energy-cores,2394467722,100,00,,
