1952210316,ns,duration_time,1952210316,100,00,,
76,98,Joules,energy-pkg,1952168235,100,00,,
54,15,Joules,energy-cores,1952168284,100,00,,
1955962354,ns,duration_time,1955962354,100,00,,
76,89,Joules,energy-pkg,1955918361,100,00,,
53,98,Joules,energy-cores,1955919330,100,00,,
1959122064,ns,duration_time,1959122064,100,00,,
76,99,Joules,energy-pkg,1959076850,100,00,,
54,02,Joules,energy-cores,1959077331,100,00,,
1958508609,ns,duration_time,1958508609,100,00,,
76,78,Joules,energy-pkg,1958464438,100,00,,
53,86,Joules,energy-cores,1958476134,100,00,,
1962473187,ns,duration_time,1962473187,100,00,,
77,03,Joules,energy-pkg,1962427035,100,00,,
54,04,Joules,energy-cores,1962428169,100,00,,
