2272785724,ns,duration_time,2272785724,100,00,,
84,84,Joules,energy-pkg,2272737142,100,00,,
58,52,Joules,energy-cores,2272738056,100,00,,
2239364532,ns,duration_time,2239364532,100,00,,
84,58,Joules,energy-pkg,2239313686,100,00,,
58,47,Joules,energy-cores,2239315315,100,00,,
2260264213,ns,duration_time,2260264213,100,00,,
84,66,Joules,energy-pkg,2260213661,100,00,,
58,41,Joules,energy-cores,2260214435,100,00,,
2424773663,ns,duration_time,2424773663,100,00,,
87,52,Joules,energy-pkg,2424719480,100,00,,
59,23,Joules,energy-cores,2424720391,100,00,,
2265768392,ns,duration_time,2265768392,100,00,,
84,65,Joules,energy-pkg,2265720035,100,00,,
58,35,Joules,energy-cores,2265721079,100,00,,
