4769318232,ns,duration_time,4769318232,100,00,,
129,34,Joules,energy-pkg,4769254651,100,00,,
74,50,Joules,energy-cores,4769255857,100,00,,
4755592593,ns,duration_time,4755592593,100,00,,
128,29,Joules,energy-pkg,4755530597,100,00,,
73,80,Joules,energy-cores,4755541476,100,00,,
4761920811,ns,duration_time,4761920811,100,00,,
127,93,Joules,energy-pkg,4761859825,100,00,,
73,44,Joules,energy-cores,4761860975,100,00,,
4769487765,ns,duration_time,4769487765,100,00,,
128,47,Joules,energy-pkg,4769425461,100,00,,
73,85,Joules,energy-cores,4769426667,100,00,,
4757170726,ns,duration_time,4757170726,100,00,,
127,62,Joules,energy-pkg,4757122171,100,00,,
73,30,Joules,energy-cores,4757122451,100,00,,
