1611923860,ns,duration_time,1611923860,100,00,,
79,97,Joules,energy-pkg,1611886253,100,00,,
62,12,Joules,energy-cores,1611887420,100,00,,
1598205445,ns,duration_time,1598205445,100,00,,
79,70,Joules,energy-pkg,1598179603,100,00,,
61,96,Joules,energy-cores,1598180003,100,00,,
1572759581,ns,duration_time,1572759581,100,00,,
79,15,Joules,energy-pkg,1572720601,100,00,,
61,73,Joules,energy-cores,1572721836,100,00,,
1411868520,ns,duration_time,1411868520,100,00,,
73,15,Joules,energy-pkg,1411834372,100,00,,
57,56,Joules,energy-cores,1411835394,100,00,,
1580632572,ns,duration_time,1580632572,100,00,,
79,46,Joules,energy-pkg,1580595431,100,00,,
61,95,Joules,energy-cores,1580596667,100,00,,
