2373407030,ns,duration_time,2373407030,100,00,,
94,12,Joules,energy-pkg,2373383808,100,00,,
67,96,Joules,energy-cores,2373384092,100,00,,
2365512392,ns,duration_time,2365512392,100,00,,
94,14,Joules,energy-pkg,2365489067,100,00,,
68,25,Joules,energy-cores,2365489488,100,00,,
2364109459,ns,duration_time,2364109459,100,00,,
92,46,Joules,energy-pkg,2364089010,100,00,,
66,64,Joules,energy-cores,2364089404,100,00,,
2457509317,ns,duration_time,2457509317,100,00,,
96,13,Joules,energy-pkg,2457485438,100,00,,
69,43,Joules,energy-cores,2457485497,100,00,,
2417240129,ns,duration_time,2417240129,100,00,,
93,88,Joules,energy-pkg,2417218963,100,00,,
67,75,Joules,energy-cores,2417219292,100,00,,
