1537264841,ns,duration_time,1537264841,100,00,,
83,81,Joules,energy-pkg,1537238983,100,00,,
67,70,Joules,energy-cores,1537240442,100,00,,
1551941961,ns,duration_time,1551941961,100,00,,
84,79,Joules,energy-pkg,1551929457,100,00,,
68,52,Joules,energy-cores,1551929758,100,00,,
1508224078,ns,duration_time,1508224078,100,00,,
82,75,Joules,energy-pkg,1508212470,100,00,,
66,80,Joules,energy-cores,1508212305,100,00,,
1543981918,ns,duration_time,1543981918,100,00,,
84,87,Joules,energy-pkg,1543969374,100,00,,
68,38,Joules,energy-cores,1543969900,100,00,,
1532178735,ns,duration_time,1532178735,100,00,,
83,84,Joules,energy-pkg,1532165817,100,00,,
67,73,Joules,energy-cores,1532165716,100,00,,
