1378573215,ns,duration_time,1378573215,100,00,,
71,23,Joules,energy-pkg,1378541812,100,00,,
55,81,Joules,energy-cores,1378552762,100,00,,
1445220641,ns,duration_time,1445220641,100,00,,
71,88,Joules,energy-pkg,1445184885,100,00,,
55,59,Joules,energy-cores,1445186176,100,00,,
1339982335,ns,duration_time,1339982335,100,00,,
69,43,Joules,energy-pkg,1339948611,100,00,,
54,41,Joules,energy-cores,1339949665,100,00,,
1224131009,ns,duration_time,1224131009,100,00,,
65,21,Joules,energy-pkg,1224113733,100,00,,
51,59,Joules,energy-cores,1224113710,100,00,,
1207156901,ns,duration_time,1207156901,100,00,,
65,06,Joules,energy-pkg,1207139853,100,00,,
51,67,Joules,energy-cores,1207139798,100,00,,
