4629126894,ns,duration_time,4629126894,100,00,,
124,76,Joules,energy-pkg,4629067500,100,00,,
71,81,Joules,energy-cores,4629078321,100,00,,
4634317063,ns,duration_time,4634317063,100,00,,
124,52,Joules,energy-pkg,4634255308,100,00,,
71,51,Joules,energy-cores,4634256593,100,00,,
4627377870,ns,duration_time,4627377870,100,00,,
124,05,Joules,energy-pkg,4627318696,100,00,,
71,13,Joules,energy-cores,4627319573,100,00,,
4626539670,ns,duration_time,4626539670,100,00,,
123,95,Joules,energy-pkg,4626479701,100,00,,
71,25,Joules,energy-cores,4626480537,100,00,,
4627465659,ns,duration_time,4627465659,100,00,,
123,82,Joules,energy-pkg,4627418579,100,00,,
71,11,Joules,energy-cores,4627418609,100,00,,
