4556345945,ns,duration_time,4556345945,100,00,,
122,18,Joules,energy-pkg,4556298196,100,00,,
70,55,Joules,energy-cores,4556298828,100,00,,
4536332869,ns,duration_time,4536332869,100,00,,
122,95,Joules,energy-pkg,4536285255,100,00,,
70,79,Joules,energy-cores,4536285592,100,00,,
4554749653,ns,duration_time,4554749653,100,00,,
121,86,Joules,energy-pkg,4554705080,100,00,,
69,88,Joules,energy-cores,4554705096,100,00,,
4553431622,ns,duration_time,4553431622,100,00,,
121,91,Joules,energy-pkg,4553386575,100,00,,
70,01,Joules,energy-cores,4553386761,100,00,,
4543521598,ns,duration_time,4543521598,100,00,,
122,31,Joules,energy-pkg,4543474621,100,00,,
70,29,Joules,energy-cores,4543474904,100,00,,
