2516966351,ns,duration_time,2516966351,100,00,,
99,95,Joules,energy-pkg,2516943246,100,00,,
72,33,Joules,energy-cores,2516943422,100,00,,
2446214670,ns,duration_time,2446214670,100,00,,
97,24,Joules,energy-pkg,2446180044,100,00,,
70,41,Joules,energy-cores,2446181001,100,00,,
2460795172,ns,duration_time,2460795172,100,00,,
97,60,Joules,energy-pkg,2460773041,100,00,,
70,57,Joules,energy-cores,2460773315,100,00,,
2462005300,ns,duration_time,2462005300,100,00,,
97,80,Joules,energy-pkg,2461955954,100,00,,
70,76,Joules,energy-cores,2461966535,100,00,,
2451904769,ns,duration_time,2451904769,100,00,,
96,90,Joules,energy-pkg,2451881465,100,00,,
70,20,Joules,energy-cores,2451881430,100,00,,
