2368303135,ns,duration_time,2368303135,100,00,,
94,38,Joules,energy-pkg,2368280393,100,00,,
68,21,Joules,energy-cores,2368280682,100,00,,
2515529344,ns,duration_time,2515529344,100,00,,
98,63,Joules,energy-pkg,2515491924,100,00,,
70,89,Joules,energy-cores,2515493033,100,00,,
2558888811,ns,duration_time,2558888811,100,00,,
99,97,Joules,energy-pkg,2558862198,100,00,,
71,78,Joules,energy-cores,2558862793,100,00,,
2375723787,ns,duration_time,2375723787,100,00,,
93,73,Joules,energy-pkg,2375687209,100,00,,
67,47,Joules,energy-cores,2375688551,100,00,,
2531467800,ns,duration_time,2531467800,100,00,,
98,07,Joules,energy-pkg,2531444061,100,00,,
70,48,Joules,energy-cores,2531444198,100,00,,
