4580315851,ns,duration_time,4580315851,100,00,,
121,95,Joules,energy-pkg,4580269733,100,00,,
70,33,Joules,energy-cores,4580270319,100,00,,
4563087497,ns,duration_time,4563087497,100,00,,
122,38,Joules,energy-pkg,4563041879,100,00,,
70,25,Joules,energy-cores,4563042190,100,00,,
4568859227,ns,duration_time,4568859227,100,00,,
122,63,Joules,energy-pkg,4568798861,100,00,,
70,37,Joules,energy-cores,4568799712,100,00,,
4566147236,ns,duration_time,4566147236,100,00,,
122,52,Joules,energy-pkg,4566074827,100,00,,
70,28,Joules,energy-cores,4566085416,100,00,,
4556782493,ns,duration_time,4556782493,100,00,,
122,33,Joules,energy-pkg,4556734012,100,00,,
70,07,Joules,energy-cores,4556734472,100,00,,
