4560737110,ns,duration_time,4560737110,100,00,,
122,41,Joules,energy-pkg,4560691861,100,00,,
70,63,Joules,energy-cores,4560691662,100,00,,
4578458109,ns,duration_time,4578458109,100,00,,
121,08,Joules,energy-pkg,4578414649,100,00,,
69,12,Joules,energy-cores,4578415202,100,00,,
4560887718,ns,duration_time,4560887718,100,00,,
120,49,Joules,energy-pkg,4560844414,100,00,,
69,22,Joules,energy-cores,4560844450,100,00,,
4556286834,ns,duration_time,4556286834,100,00,,
121,78,Joules,energy-pkg,4556239851,100,00,,
69,69,Joules,energy-cores,4556239951,100,00,,
4540877173,ns,duration_time,4540877173,100,00,,
121,26,Joules,energy-pkg,4540829956,100,00,,
69,88,Joules,energy-cores,4540830236,100,00,,
