3945455952,ns,duration_time,3945455952,100,00,,
255,56,Joules,energy-pkg,3945388984,100,00,,
213,21,Joules,energy-cores,3945389512,100,00,,
3916447847,ns,duration_time,3916447847,100,00,,
253,94,Joules,energy-pkg,3916380181,100,00,,
211,84,Joules,energy-cores,3916380755,100,00,,
3935733060,ns,duration_time,3935733060,100,00,,
256,62,Joules,energy-pkg,3935668403,100,00,,
214,44,Joules,energy-cores,3935668682,100,00,,
3909324983,ns,duration_time,3909324983,100,00,,
255,19,Joules,energy-pkg,3909257875,100,00,,
213,11,Joules,energy-cores,3909258153,100,00,,
3877356291,ns,duration_time,3877356291,100,00,,
254,44,Joules,energy-pkg,3877293154,100,00,,
212,84,Joules,energy-cores,3877293707,100,00,,
