5899857816,ns,duration_time,5899857816,100,00,,
309,85,Joules,energy-pkg,5899762660,100,00,,
244,47,Joules,energy-cores,5899762840,100,00,,
5953730774,ns,duration_time,5953730774,100,00,,
310,60,Joules,energy-pkg,5953631603,100,00,,
244,49,Joules,energy-cores,5953632103,100,00,,
5891609286,ns,duration_time,5891609286,100,00,,
308,17,Joules,energy-pkg,5891514850,100,00,,
243,01,Joules,energy-cores,5891514918,100,00,,
5855914814,ns,duration_time,5855914814,100,00,,
305,86,Joules,energy-pkg,5855821364,100,00,,
241,09,Joules,energy-cores,5855821648,100,00,,
5902313454,ns,duration_time,5902313454,100,00,,
308,59,Joules,energy-pkg,5902220341,100,00,,
243,34,Joules,energy-cores,5902220692,100,00,,
