10686534087,ns,duration_time,10686534087,100,00,,
428,74,Joules,energy-pkg,10686409731,100,00,,
312,71,Joules,energy-cores,10686420107,100,00,,
10513516767,ns,duration_time,10513516767,100,00,,
423,92,Joules,energy-pkg,10513404103,100,00,,
309,69,Joules,energy-cores,10513404501,100,00,,
10646923143,ns,duration_time,10646923143,100,00,,
428,26,Joules,energy-pkg,10646799164,100,00,,
312,35,Joules,energy-cores,10646810121,100,00,,
10613933631,ns,duration_time,10613933631,100,00,,
425,55,Joules,energy-pkg,10613822172,100,00,,
310,28,Joules,energy-cores,10613822356,100,00,,
10537076570,ns,duration_time,10537076570,100,00,,
422,77,Joules,energy-pkg,10536967443,100,00,,
308,18,Joules,energy-cores,10536967432,100,00,,
