18127152517,ns,duration_time,18127152517,100,00,,
492,00,Joules,energy-pkg,18126946023,100,00,,
285,20,Joules,energy-cores,18126956362,100,00,,
18130394848,ns,duration_time,18130394848,100,00,,
492,54,Joules,energy-pkg,18130188977,100,00,,
285,37,Joules,energy-cores,18130199561,100,00,,
18132799583,ns,duration_time,18132799583,100,00,,
492,57,Joules,energy-pkg,18132615605,100,00,,
285,20,Joules,energy-cores,18132626025,100,00,,
18134144389,ns,duration_time,18134144389,100,00,,
491,94,Joules,energy-pkg,18133939068,100,00,,
285,10,Joules,energy-cores,18133950002,100,00,,
18130769222,ns,duration_time,18130769222,100,00,,
492,21,Joules,energy-pkg,18130564722,100,00,,
285,19,Joules,energy-cores,18130575374,100,00,,
