19386341462,ns,duration_time,19386341462,100,00,,
528,03,Joules,energy-pkg,19386129342,100,00,,
306,55,Joules,energy-cores,19386129662,100,00,,
19387577169,ns,duration_time,19387577169,100,00,,
528,82,Joules,energy-pkg,19387357774,100,00,,
306,81,Joules,energy-cores,19387368364,100,00,,
19389140851,ns,duration_time,19389140851,100,00,,
528,11,Joules,energy-pkg,19388921593,100,00,,
306,10,Joules,energy-cores,19388932566,100,00,,
19392100231,ns,duration_time,19392100231,100,00,,
528,62,Joules,energy-pkg,19391892171,100,00,,
306,81,Joules,energy-cores,19391892291,100,00,,
19393414872,ns,duration_time,19393414872,100,00,,
527,72,Joules,energy-pkg,19393207598,100,00,,
306,24,Joules,energy-cores,19393207299,100,00,,
