17935791993,ns,duration_time,17935791993,100,00,,
485,32,Joules,energy-pkg,17935599512,100,00,,
282,74,Joules,energy-cores,17935599784,100,00,,
17927783474,ns,duration_time,17927783474,100,00,,
495,15,Joules,energy-pkg,17927590146,100,00,,
287,85,Joules,energy-cores,17927590466,100,00,,
17952174812,ns,duration_time,17952174812,100,00,,
487,37,Joules,energy-pkg,17951981737,100,00,,
283,67,Joules,energy-cores,17951982161,100,00,,
17956976952,ns,duration_time,17956976952,100,00,,
486,42,Joules,energy-pkg,17956786367,100,00,,
283,18,Joules,energy-cores,17956786247,100,00,,
17917103088,ns,duration_time,17917103088,100,00,,
494,57,Joules,energy-pkg,17916904268,100,00,,
287,15,Joules,energy-cores,17916915294,100,00,,
