9613478400,ns,duration_time,9613478400,100,00,,
388,48,Joules,energy-pkg,9613378157,100,00,,
284,37,Joules,energy-cores,9613378335,100,00,,
9927808113,ns,duration_time,9927808113,100,00,,
401,87,Joules,energy-pkg,9927700811,100,00,,
293,51,Joules,energy-cores,9927701071,100,00,,
9969839352,ns,duration_time,9969839352,100,00,,
404,14,Joules,energy-pkg,9969733099,100,00,,
294,89,Joules,energy-cores,9969733854,100,00,,
10017236231,ns,duration_time,10017236231,100,00,,
403,51,Joules,energy-pkg,10017119666,100,00,,
294,45,Joules,energy-cores,10017129891,100,00,,
9742308955,ns,duration_time,9742308955,100,00,,
392,35,Joules,energy-pkg,9742193944,100,00,,
286,35,Joules,energy-cores,9742204359,100,00,,
