9221492060,ns,duration_time,9221492060,100,00,,
376,63,Joules,energy-pkg,9221395071,100,00,,
276,29,Joules,energy-cores,9221395184,100,00,,
9800076647,ns,duration_time,9800076647,100,00,,
399,09,Joules,energy-pkg,9799970270,100,00,,
291,64,Joules,energy-cores,9799970453,100,00,,
9861790252,ns,duration_time,9861790252,100,00,,
401,34,Joules,energy-pkg,9861673228,100,00,,
293,26,Joules,energy-cores,9861684289,100,00,,
9849940752,ns,duration_time,9849940752,100,00,,
401,63,Joules,energy-pkg,9849836180,100,00,,
293,79,Joules,energy-cores,9849836721,100,00,,
9582452716,ns,duration_time,9582452716,100,00,,
390,80,Joules,energy-pkg,9582351419,100,00,,
285,88,Joules,energy-cores,9582351913,100,00,,
