8096036518,ns,duration_time,8096036518,100,00,,
322,52,Joules,energy-pkg,8095905864,100,00,,
227,94,Joules,energy-cores,8095906078,100,00,,
8085256330,ns,duration_time,8085256330,100,00,,
319,58,Joules,energy-pkg,8085128680,100,00,,
224,98,Joules,energy-cores,8085128637,100,00,,
8086869705,ns,duration_time,8086869705,100,00,,
319,10,Joules,energy-pkg,8086742662,100,00,,
224,30,Joules,energy-cores,8086743066,100,00,,
8093203349,ns,duration_time,8093203349,100,00,,
318,78,Joules,energy-pkg,8093078508,100,00,,
224,04,Joules,energy-cores,8093078478,100,00,,
8085660451,ns,duration_time,8085660451,100,00,,
318,68,Joules,energy-pkg,8085534347,100,00,,
223,87,Joules,energy-cores,8085534524,100,00,,
