17993216460,ns,duration_time,17993216460,100,00,,
487,71,Joules,energy-pkg,17993012083,100,00,,
282,57,Joules,energy-cores,17993022262,100,00,,
17994182279,ns,duration_time,17994182279,100,00,,
488,36,Joules,energy-pkg,17993977174,100,00,,
282,51,Joules,energy-cores,17993987537,100,00,,
18038392381,ns,duration_time,18038392381,100,00,,
489,33,Joules,energy-pkg,18038188480,100,00,,
282,93,Joules,energy-cores,18038199144,100,00,,
18002265740,ns,duration_time,18002265740,100,00,,
488,15,Joules,energy-pkg,18002073233,100,00,,
282,56,Joules,energy-cores,18002073063,100,00,,
18006306746,ns,duration_time,18006306746,100,00,,
488,06,Joules,energy-pkg,18006114537,100,00,,
282,52,Joules,energy-cores,18006114770,100,00,,
