17918166153,ns,duration_time,17918166153,100,00,,
484,21,Joules,energy-pkg,17917973343,100,00,,
279,77,Joules,energy-cores,17917973434,100,00,,
17928922059,ns,duration_time,17928922059,100,00,,
485,18,Joules,energy-pkg,17928717432,100,00,,
279,98,Joules,energy-cores,17928728087,100,00,,
17942827712,ns,duration_time,17942827712,100,00,,
486,72,Joules,energy-pkg,17942622771,100,00,,
281,41,Joules,energy-cores,17942633834,100,00,,
17944187102,ns,duration_time,17944187102,100,00,,
485,49,Joules,energy-pkg,17943983577,100,00,,
280,79,Joules,energy-cores,17943994460,100,00,,
17931135660,ns,duration_time,17931135660,100,00,,
485,29,Joules,energy-pkg,17930932977,100,00,,
280,68,Joules,energy-cores,17930943723,100,00,,
