4013108351,ns,duration_time,4013108351,100,00,,
260,18,Joules,energy-pkg,4013079046,100,00,,
216,93,Joules,energy-cores,4013079238,100,00,,
4004368408,ns,duration_time,4004368408,100,00,,
259,20,Joules,energy-pkg,4004329201,100,00,,
216,41,Joules,energy-cores,4004329328,100,00,,
4050685343,ns,duration_time,4050685343,100,00,,
261,64,Joules,energy-pkg,4050645612,100,00,,
218,28,Joules,energy-cores,4050645853,100,00,,
4011870509,ns,duration_time,4011870509,100,00,,
260,13,Joules,energy-pkg,4011830755,100,00,,
216,92,Joules,energy-cores,4011831295,100,00,,
4032255125,ns,duration_time,4032255125,100,00,,
260,93,Joules,energy-pkg,4032215529,100,00,,
217,73,Joules,energy-cores,4032215805,100,00,,
