5733730528,ns,duration_time,5733730528,100,00,,
331,45,Joules,energy-pkg,5733671684,100,00,,
271,43,Joules,energy-cores,5733671831,100,00,,
5773924162,ns,duration_time,5773924162,100,00,,
331,83,Joules,energy-pkg,5773868967,100,00,,
271,34,Joules,energy-cores,5773868973,100,00,,
5759167733,ns,duration_time,5759167733,100,00,,
332,56,Joules,energy-pkg,5759109934,100,00,,
271,96,Joules,energy-cores,5759110258,100,00,,
5762594965,ns,duration_time,5762594965,100,00,,
331,84,Joules,energy-pkg,5762535050,100,00,,
271,22,Joules,energy-cores,5762535453,100,00,,
5784797432,ns,duration_time,5784797432,100,00,,
332,20,Joules,energy-pkg,5784737389,100,00,,
271,18,Joules,energy-cores,5784737820,100,00,,
