5127225795,ns,duration_time,5127225795,100,00,,
279,16,Joules,energy-pkg,5127142847,100,00,,
222,35,Joules,energy-cores,5127143159,100,00,,
5124452922,ns,duration_time,5124452922,100,00,,
279,36,Joules,energy-pkg,5124370533,100,00,,
222,60,Joules,energy-cores,5124370707,100,00,,
5123949147,ns,duration_time,5123949147,100,00,,
278,94,Joules,energy-pkg,5123865537,100,00,,
222,02,Joules,energy-cores,5123865989,100,00,,
5195011548,ns,duration_time,5195011548,100,00,,
280,93,Joules,energy-pkg,5194929423,100,00,,
223,37,Joules,energy-cores,5194929867,100,00,,
5154676894,ns,duration_time,5154676894,100,00,,
278,81,Joules,energy-pkg,5154596683,100,00,,
221,65,Joules,energy-cores,5154596900,100,00,,
