9701364466,ns,duration_time,9701364466,100,00,,
388,37,Joules,energy-pkg,9701260329,100,00,,
283,15,Joules,energy-cores,9701260627,100,00,,
9792423778,ns,duration_time,9792423778,100,00,,
393,95,Joules,energy-pkg,9792323959,100,00,,
287,23,Joules,energy-cores,9792324481,100,00,,
9858837869,ns,duration_time,9858837869,100,00,,
395,21,Joules,energy-pkg,9858735328,100,00,,
287,59,Joules,energy-cores,9858735568,100,00,,
9874968737,ns,duration_time,9874968737,100,00,,
396,40,Joules,energy-pkg,9874869809,100,00,,
289,10,Joules,energy-cores,9874870059,100,00,,
9831772834,ns,duration_time,9831772834,100,00,,
391,89,Joules,energy-pkg,9831667712,100,00,,
284,73,Joules,energy-cores,9831669081,100,00,,
