4185239144,ns,duration_time,4185239144,100,00,,
274,74,Joules,energy-pkg,4185170176,100,00,,
229,95,Joules,energy-cores,4185170847,100,00,,
4413806800,ns,duration_time,4413806800,100,00,,
279,36,Joules,energy-pkg,4413730376,100,00,,
231,94,Joules,energy-cores,4413730738,100,00,,
4229009061,ns,duration_time,4229009061,100,00,,
278,22,Joules,energy-pkg,4228938131,100,00,,
232,92,Joules,energy-cores,4228938500,100,00,,
4180309931,ns,duration_time,4180309931,100,00,,
277,21,Joules,energy-pkg,4180239873,100,00,,
232,39,Joules,energy-cores,4180240124,100,00,,
4198870423,ns,duration_time,4198870423,100,00,,
278,49,Joules,energy-pkg,4198800785,100,00,,
233,52,Joules,energy-cores,4198800956,100,00,,
