5516363000,ns,duration_time,5516363000,100,00,,
316,19,Joules,energy-pkg,5516304789,100,00,,
258,15,Joules,energy-cores,5516305281,100,00,,
5488206684,ns,duration_time,5488206684,100,00,,
315,84,Joules,energy-pkg,5488137902,100,00,,
258,22,Joules,energy-cores,5488148266,100,00,,
5462047637,ns,duration_time,5462047637,100,00,,
314,45,Joules,energy-pkg,5461992271,100,00,,
257,35,Joules,energy-cores,5461992372,100,00,,
5472418709,ns,duration_time,5472418709,100,00,,
314,17,Joules,energy-pkg,5472349847,100,00,,
256,64,Joules,energy-cores,5472351545,100,00,,
5495427632,ns,duration_time,5495427632,100,00,,
317,33,Joules,energy-pkg,5495368455,100,00,,
259,54,Joules,energy-cores,5495368653,100,00,,
