17921992672,ns,duration_time,17921992672,100,00,,
494,58,Joules,energy-pkg,17921802608,100,00,,
287,62,Joules,energy-cores,17921802580,100,00,,
18002446413,ns,duration_time,18002446413,100,00,,
490,08,Joules,energy-pkg,18002252005,100,00,,
285,47,Joules,energy-cores,18002252433,100,00,,
17914953884,ns,duration_time,17914953884,100,00,,
496,07,Joules,energy-pkg,17914763045,100,00,,
288,16,Joules,energy-cores,17914763245,100,00,,
18031583952,ns,duration_time,18031583952,100,00,,
487,07,Joules,energy-pkg,18031392116,100,00,,
282,19,Joules,energy-cores,18031392257,100,00,,
17942500745,ns,duration_time,17942500745,100,00,,
486,26,Joules,energy-pkg,17942313032,100,00,,
283,08,Joules,energy-cores,17942313161,100,00,,
