8422900617,ns,duration_time,8422900617,100,00,,
328,80,Joules,energy-pkg,8422766222,100,00,,
230,55,Joules,energy-cores,8422766223,100,00,,
8380917800,ns,duration_time,8380917800,100,00,,
327,59,Joules,energy-pkg,8380783965,100,00,,
229,67,Joules,energy-cores,8380784195,100,00,,
8434204767,ns,duration_time,8434204767,100,00,,
327,94,Joules,energy-pkg,8434073603,100,00,,
229,37,Joules,energy-cores,8434073353,100,00,,
8448443547,ns,duration_time,8448443547,100,00,,
327,69,Joules,energy-pkg,8448311938,100,00,,
229,08,Joules,energy-cores,8448312139,100,00,,
8421315446,ns,duration_time,8421315446,100,00,,
326,44,Joules,energy-pkg,8421187549,100,00,,
228,31,Joules,energy-cores,8421187726,100,00,,
