9205400193,ns,duration_time,9205400193,100,00,,
380,13,Joules,energy-pkg,9205289534,100,00,,
279,27,Joules,energy-cores,9205300256,100,00,,
9590930889,ns,duration_time,9590930889,100,00,,
385,08,Joules,energy-pkg,9590826252,100,00,,
280,47,Joules,energy-cores,9590826602,100,00,,
9369835630,ns,duration_time,9369835630,100,00,,
386,36,Joules,energy-pkg,9369726348,100,00,,
283,54,Joules,energy-cores,9369735496,100,00,,
9805084179,ns,duration_time,9805084179,100,00,,
399,15,Joules,energy-pkg,9804981702,100,00,,
291,73,Joules,energy-cores,9804981702,100,00,,
9677565682,ns,duration_time,9677565682,100,00,,
391,94,Joules,energy-pkg,9677450685,100,00,,
287,43,Joules,energy-cores,9677461991,100,00,,
