17950812777,ns,duration_time,17950812777,100,00,,
484,86,Joules,energy-pkg,17950619706,100,00,,
282,37,Joules,energy-cores,17950619554,100,00,,
17935558383,ns,duration_time,17935558383,100,00,,
484,05,Joules,energy-pkg,17935366819,100,00,,
281,64,Joules,energy-cores,17935366910,100,00,,
17981494610,ns,duration_time,17981494610,100,00,,
486,59,Joules,energy-pkg,17981301112,100,00,,
281,45,Joules,energy-cores,17981301103,100,00,,
18041590424,ns,duration_time,18041590424,100,00,,
484,84,Joules,energy-pkg,18041399329,100,00,,
280,82,Joules,energy-cores,18041399502,100,00,,
17919519600,ns,duration_time,17919519600,100,00,,
485,49,Joules,energy-pkg,17919328243,100,00,,
282,37,Joules,energy-cores,17919328710,100,00,,
