5484917567,ns,duration_time,5484917567,100,00,,
314,26,Joules,energy-pkg,5484858020,100,00,,
256,60,Joules,energy-cores,5484858648,100,00,,
5490423723,ns,duration_time,5490423723,100,00,,
315,71,Joules,energy-pkg,5490366498,100,00,,
257,79,Joules,energy-cores,5490366924,100,00,,
5460917304,ns,duration_time,5460917304,100,00,,
314,55,Joules,energy-pkg,5460863131,100,00,,
256,85,Joules,energy-cores,5460863417,100,00,,
5456426690,ns,duration_time,5456426690,100,00,,
313,93,Joules,energy-pkg,5456370383,100,00,,
256,38,Joules,energy-cores,5456370739,100,00,,
5473048612,ns,duration_time,5473048612,100,00,,
314,77,Joules,energy-pkg,5472993267,100,00,,
256,97,Joules,energy-cores,5472993631,100,00,,
