6928895117,ns,duration_time,6928895117,100,00,,
401,68,Joules,energy-pkg,6928811879,100,00,,
327,86,Joules,energy-cores,6928812677,100,00,,
6931833648,ns,duration_time,6931833648,100,00,,
403,69,Joules,energy-pkg,6931795428,100,00,,
329,68,Joules,energy-cores,6931795628,100,00,,
6933312416,ns,duration_time,6933312416,100,00,,
404,11,Joules,energy-pkg,6933269463,100,00,,
330,18,Joules,energy-cores,6933270293,100,00,,
6947013137,ns,duration_time,6947013137,100,00,,
404,96,Joules,energy-pkg,6946952450,100,00,,
330,95,Joules,energy-cores,6946953776,100,00,,
6953124561,ns,duration_time,6953124561,100,00,,
406,05,Joules,energy-pkg,6953061004,100,00,,
331,89,Joules,energy-cores,6953062066,100,00,,
