3294211898,ns,duration_time,3294211898,100,00,,
202,39,Joules,energy-pkg,3294181998,100,00,,
163,23,Joules,energy-cores,3294181691,100,00,,
3303449946,ns,duration_time,3303449946,100,00,,
205,10,Joules,energy-pkg,3303437498,100,00,,
165,51,Joules,energy-cores,3303437612,100,00,,
3298780578,ns,duration_time,3298780578,100,00,,
205,22,Joules,energy-pkg,3298762233,100,00,,
165,62,Joules,energy-cores,3298762612,100,00,,
3286863093,ns,duration_time,3286863093,100,00,,
204,50,Joules,energy-pkg,3286842733,100,00,,
165,26,Joules,energy-cores,3286843067,100,00,,
3286995775,ns,duration_time,3286995775,100,00,,
204,35,Joules,energy-pkg,3286978815,100,00,,
165,33,Joules,energy-cores,3286978819,100,00,,
