3456240801,ns,duration_time,3456240801,100,00,,
226,12,Joules,energy-pkg,3456190941,100,00,,
184,98,Joules,energy-cores,3456191387,100,00,,
3454147208,ns,duration_time,3454147208,100,00,,
227,39,Joules,energy-pkg,3454096964,100,00,,
186,18,Joules,energy-cores,3454097325,100,00,,
3451603425,ns,duration_time,3451603425,100,00,,
228,09,Joules,energy-pkg,3451554065,100,00,,
186,98,Joules,energy-cores,3451554229,100,00,,
3453399594,ns,duration_time,3453399594,100,00,,
228,57,Joules,energy-pkg,3453349407,100,00,,
187,46,Joules,energy-cores,3453349749,100,00,,
3447052888,ns,duration_time,3447052888,100,00,,
228,92,Joules,energy-pkg,3447004429,100,00,,
187,96,Joules,energy-cores,3447004326,100,00,,
