3708041363,ns,duration_time,3708041363,100,00,,
196,10,Joules,energy-pkg,3707979200,100,00,,
149,54,Joules,energy-cores,3707980233,100,00,,
3701255608,ns,duration_time,3701255608,100,00,,
194,23,Joules,energy-pkg,3701194024,100,00,,
147,60,Joules,energy-cores,3701194991,100,00,,
3706621498,ns,duration_time,3706621498,100,00,,
193,33,Joules,energy-pkg,3706560734,100,00,,
146,65,Joules,energy-cores,3706571929,100,00,,
3706931804,ns,duration_time,3706931804,100,00,,
192,80,Joules,energy-pkg,3706870793,100,00,,
146,29,Joules,energy-cores,3706871857,100,00,,
3701017465,ns,duration_time,3701017465,100,00,,
192,38,Joules,energy-pkg,3700958902,100,00,,
145,97,Joules,energy-cores,3700968606,100,00,,
