8240682893,ns,duration_time,8240682893,100,00,,
395,40,Joules,energy-pkg,8240562435,100,00,,
304,62,Joules,energy-cores,8240562845,100,00,,
8221395535,ns,duration_time,8221395535,100,00,,
393,57,Joules,energy-pkg,8221276172,100,00,,
302,83,Joules,energy-cores,8221276712,100,00,,
8223445506,ns,duration_time,8223445506,100,00,,
393,44,Joules,energy-pkg,8223326552,100,00,,
302,77,Joules,energy-cores,8223326852,100,00,,
8213730594,ns,duration_time,8213730594,100,00,,
392,55,Joules,energy-pkg,8213600161,100,00,,
302,01,Joules,energy-cores,8213612073,100,00,,
8235118015,ns,duration_time,8235118015,100,00,,
392,86,Joules,energy-pkg,8235001066,100,00,,
302,02,Joules,energy-cores,8235001070,100,00,,
