3821404617,ns,duration_time,3821404617,100,00,,
139,56,Joules,energy-pkg,3821375781,100,00,,
89,82,Joules,energy-cores,3821386910,100,00,,
3814226365,ns,duration_time,3814226365,100,00,,
139,18,Joules,energy-pkg,3814194076,100,00,,
89,80,Joules,energy-cores,3814194624,100,00,,
3826107834,ns,duration_time,3826107834,100,00,,
139,10,Joules,energy-pkg,3826084552,100,00,,
89,65,Joules,energy-cores,3826084608,100,00,,
3827206763,ns,duration_time,3827206763,100,00,,
139,48,Joules,energy-pkg,3827180284,100,00,,
90,01,Joules,energy-cores,3827180490,100,00,,
3935932346,ns,duration_time,3935932346,100,00,,
142,05,Joules,energy-pkg,3935901552,100,00,,
91,09,Joules,energy-cores,3935902645,100,00,,
