3804532243,ns,duration_time,3804532243,100,00,,
141,06,Joules,energy-pkg,3804493921,100,00,,
91,22,Joules,energy-cores,3804494240,100,00,,
3807495530,ns,duration_time,3807495530,100,00,,
141,78,Joules,energy-pkg,3807474827,100,00,,
92,04,Joules,energy-cores,3807475039,100,00,,
3817845872,ns,duration_time,3817845872,100,00,,
141,72,Joules,energy-pkg,3817823666,100,00,,
91,85,Joules,energy-cores,3817824124,100,00,,
3872089144,ns,duration_time,3872089144,100,00,,
143,29,Joules,energy-pkg,3872063480,100,00,,
93,16,Joules,energy-cores,3872063881,100,00,,
3819836230,ns,duration_time,3819836230,100,00,,
141,28,Joules,energy-pkg,3819796831,100,00,,
91,47,Joules,energy-cores,3819798004,100,00,,
