5169068604,ns,duration_time,5169068604,100,00,,
322,98,Joules,energy-pkg,5168992507,100,00,,
265,66,Joules,energy-cores,5168992808,100,00,,
5213801160,ns,duration_time,5213801160,100,00,,
326,66,Joules,energy-pkg,5213711991,100,00,,
268,95,Joules,energy-cores,5213722952,100,00,,
5166504183,ns,duration_time,5166504183,100,00,,
325,43,Joules,energy-pkg,5166431242,100,00,,
268,25,Joules,energy-cores,5166431694,100,00,,
5154387644,ns,duration_time,5154387644,100,00,,
326,43,Joules,energy-pkg,5154311875,100,00,,
269,40,Joules,energy-cores,5154312466,100,00,,
5158859058,ns,duration_time,5158859058,100,00,,
326,77,Joules,energy-pkg,5158784943,100,00,,
269,64,Joules,energy-cores,5158785622,100,00,,
