2996171514,ns,duration_time,2996171514,100,00,,
153,66,Joules,energy-pkg,2996144558,100,00,,
115,74,Joules,energy-cores,2996144357,100,00,,
2952109302,ns,duration_time,2952109302,100,00,,
152,75,Joules,energy-pkg,2952082897,100,00,,
115,42,Joules,energy-cores,2952084131,100,00,,
2987029112,ns,duration_time,2987029112,100,00,,
153,74,Joules,energy-pkg,2987013805,100,00,,
115,97,Joules,energy-cores,2987013972,100,00,,
2920777366,ns,duration_time,2920777366,100,00,,
151,44,Joules,energy-pkg,2920760514,100,00,,
114,45,Joules,energy-cores,2920760542,100,00,,
2916543063,ns,duration_time,2916543063,100,00,,
151,83,Joules,energy-pkg,2916522481,100,00,,
114,86,Joules,energy-cores,2916522554,100,00,,
