13456400087,ns,duration_time,13456400087,100,00,,
548,07,Joules,energy-pkg,13456246909,100,00,,
403,66,Joules,energy-cores,13456248080,100,00,,
13450214806,ns,duration_time,13450214806,100,00,,
549,82,Joules,energy-pkg,13450141180,100,00,,
405,43,Joules,energy-cores,13450141192,100,00,,
13456494402,ns,duration_time,13456494402,100,00,,
549,75,Joules,energy-pkg,13456407614,100,00,,
405,52,Joules,energy-cores,13456407805,100,00,,
13465574540,ns,duration_time,13465574540,100,00,,
550,96,Joules,energy-pkg,13465464675,100,00,,
406,04,Joules,energy-cores,13465465363,100,00,,
13431392070,ns,duration_time,13431392070,100,00,,
550,15,Joules,energy-pkg,13431289521,100,00,,
405,91,Joules,energy-cores,13431289568,100,00,,
