3815975508,ns,duration_time,3815975508,100,00,,
141,48,Joules,energy-pkg,3815924309,100,00,,
91,75,Joules,energy-cores,3815925595,100,00,,
3840034784,ns,duration_time,3840034784,100,00,,
141,24,Joules,energy-pkg,3840006113,100,00,,
91,53,Joules,energy-cores,3840017211,100,00,,
3903283238,ns,duration_time,3903283238,100,00,,
142,26,Joules,energy-pkg,3903259864,100,00,,
92,01,Joules,energy-cores,3903260409,100,00,,
3824891949,ns,duration_time,3824891949,100,00,,
141,68,Joules,energy-pkg,3824852963,100,00,,
91,83,Joules,energy-cores,3824854108,100,00,,
3985635567,ns,duration_time,3985635567,100,00,,
144,84,Joules,energy-pkg,3985606616,100,00,,
93,51,Joules,energy-cores,3985607009,100,00,,
