2931883118,ns,duration_time,2931883118,100,00,,
151,39,Joules,energy-pkg,2931855766,100,00,,
114,31,Joules,energy-cores,2931856066,100,00,,
2922246973,ns,duration_time,2922246973,100,00,,
150,23,Joules,energy-pkg,2922219006,100,00,,
113,12,Joules,energy-cores,2922220541,100,00,,
2919971460,ns,duration_time,2919971460,100,00,,
151,94,Joules,energy-pkg,2919959774,100,00,,
114,84,Joules,energy-cores,2919959928,100,00,,
2914813620,ns,duration_time,2914813620,100,00,,
150,68,Joules,energy-pkg,2914797179,100,00,,
113,63,Joules,energy-cores,2914797199,100,00,,
2918037463,ns,duration_time,2918037463,100,00,,
151,93,Joules,energy-pkg,2918004518,100,00,,
114,53,Joules,energy-cores,2918015942,100,00,,
