2914035152,ns,duration_time,2914035152,100,00,,
149,94,Joules,energy-pkg,2914009513,100,00,,
112,96,Joules,energy-cores,2914009239,100,00,,
2919292140,ns,duration_time,2919292140,100,00,,
149,78,Joules,energy-pkg,2919280939,100,00,,
112,53,Joules,energy-cores,2919281147,100,00,,
2921367189,ns,duration_time,2921367189,100,00,,
151,68,Joules,energy-pkg,2921351605,100,00,,
114,50,Joules,energy-cores,2921351896,100,00,,
2932321539,ns,duration_time,2932321539,100,00,,
152,08,Joules,energy-pkg,2932303168,100,00,,
114,91,Joules,energy-cores,2932303695,100,00,,
2925530249,ns,duration_time,2925530249,100,00,,
151,48,Joules,energy-pkg,2925512456,100,00,,
114,34,Joules,energy-cores,2925512484,100,00,,
