3840775448,ns,duration_time,3840775448,100,00,,
140,90,Joules,energy-pkg,3840737775,100,00,,
91,19,Joules,energy-cores,3840737782,100,00,,
3902726986,ns,duration_time,3902726986,100,00,,
142,42,Joules,energy-pkg,3902708088,100,00,,
91,70,Joules,energy-cores,3902708585,100,00,,
3812761391,ns,duration_time,3812761391,100,00,,
139,53,Joules,energy-pkg,3812739288,100,00,,
90,14,Joules,energy-cores,3812739955,100,00,,
3807329147,ns,duration_time,3807329147,100,00,,
140,50,Joules,energy-pkg,3807305865,100,00,,
91,11,Joules,energy-cores,3807305870,100,00,,
3819021733,ns,duration_time,3819021733,100,00,,
140,31,Joules,energy-pkg,3818998084,100,00,,
90,82,Joules,energy-cores,3818997926,100,00,,
