15241387332,ns,duration_time,15241387332,100,00,,
499,09,Joules,energy-pkg,15241157866,100,00,,
324,75,Joules,energy-cores,15241159043,100,00,,
15245346392,ns,duration_time,15245346392,100,00,,
497,33,Joules,energy-pkg,15245117016,100,00,,
322,66,Joules,energy-cores,15245118051,100,00,,
15243890611,ns,duration_time,15243890611,100,00,,
496,29,Joules,energy-pkg,15243664582,100,00,,
321,56,Joules,energy-cores,15243665942,100,00,,
15243174015,ns,duration_time,15243174015,100,00,,
496,09,Joules,energy-pkg,15242949249,100,00,,
321,17,Joules,energy-cores,15242950227,100,00,,
15235757887,ns,duration_time,15235757887,100,00,,
495,41,Joules,energy-pkg,15235536394,100,00,,
320,29,Joules,energy-cores,15235537506,100,00,,
