3697703156,ns,duration_time,3697703156,100,00,,
233,83,Joules,energy-pkg,3697668208,100,00,,
189,62,Joules,energy-cores,3697668133,100,00,,
3698702812,ns,duration_time,3698702812,100,00,,
235,52,Joules,energy-pkg,3698679309,100,00,,
191,00,Joules,energy-cores,3698688038,100,00,,
3702626505,ns,duration_time,3702626505,100,00,,
235,65,Joules,energy-pkg,3702605757,100,00,,
191,27,Joules,energy-cores,3702605758,100,00,,
3693634149,ns,duration_time,3693634149,100,00,,
235,39,Joules,energy-pkg,3693612366,100,00,,
191,27,Joules,energy-cores,3693612686,100,00,,
3700283210,ns,duration_time,3700283210,100,00,,
236,36,Joules,energy-pkg,3700259022,100,00,,
191,95,Joules,energy-cores,3700258950,100,00,,
