28367488268,ns,duration_time,28367488268,100,00,,
772,22,Joules,energy-pkg,28367324612,100,00,,
451,90,Joules,energy-cores,28367336472,100,00,,
28359001026,ns,duration_time,28359001026,100,00,,
773,48,Joules,energy-pkg,28358819004,100,00,,
453,34,Joules,energy-cores,28358819694,100,00,,
28368149397,ns,duration_time,28368149397,100,00,,
773,31,Joules,energy-pkg,28367953696,100,00,,
452,93,Joules,energy-cores,28367954018,100,00,,
28373515616,ns,duration_time,28373515616,100,00,,
776,53,Joules,energy-pkg,28373290625,100,00,,
455,02,Joules,energy-cores,28373291644,100,00,,
28362717440,ns,duration_time,28362717440,100,00,,
775,98,Joules,energy-pkg,28362477529,100,00,,
454,45,Joules,energy-cores,28362489121,100,00,,
