3282844247,ns,duration_time,3282844247,100,00,,
203,26,Joules,energy-pkg,3282787164,100,00,,
163,06,Joules,energy-cores,3282798050,100,00,,
3281550579,ns,duration_time,3281550579,100,00,,
201,75,Joules,energy-pkg,3281493459,100,00,,
161,44,Joules,energy-cores,3281504369,100,00,,
3282255506,ns,duration_time,3282255506,100,00,,
201,13,Joules,energy-pkg,3282210347,100,00,,
160,89,Joules,energy-cores,3282210402,100,00,,
3285586168,ns,duration_time,3285586168,100,00,,
201,42,Joules,energy-pkg,3285529460,100,00,,
161,15,Joules,energy-cores,3285530370,100,00,,
3370852763,ns,duration_time,3370852763,100,00,,
204,38,Joules,energy-pkg,3370797986,100,00,,
163,11,Joules,energy-cores,3370798787,100,00,,
