3278328217,ns,duration_time,3278328217,100,00,,
205,54,Joules,energy-pkg,3278294441,100,00,,
166,32,Joules,energy-cores,3278294559,100,00,,
3281369421,ns,duration_time,3281369421,100,00,,
206,27,Joules,energy-pkg,3281341239,100,00,,
167,00,Joules,energy-cores,3281352810,100,00,,
3274240198,ns,duration_time,3274240198,100,00,,
206,59,Joules,energy-pkg,3274222144,100,00,,
167,30,Joules,energy-cores,3274222245,100,00,,
3277792485,ns,duration_time,3277792485,100,00,,
206,91,Joules,energy-pkg,3277770268,100,00,,
167,85,Joules,energy-cores,3277770522,100,00,,
3278307711,ns,duration_time,3278307711,100,00,,
206,36,Joules,energy-pkg,3278282655,100,00,,
167,22,Joules,energy-cores,3278283130,100,00,,
