6484484171,ns,duration_time,6484484171,100,00,,
284,46,Joules,energy-pkg,6484422533,100,00,,
211,25,Joules,energy-cores,6484422633,100,00,,
6503234747,ns,duration_time,6503234747,100,00,,
285,72,Joules,energy-pkg,6503201313,100,00,,
212,30,Joules,energy-cores,6503201194,100,00,,
6461330944,ns,duration_time,6461330944,100,00,,
285,01,Joules,energy-pkg,6461291148,100,00,,
211,99,Joules,energy-cores,6461291027,100,00,,
6500525418,ns,duration_time,6500525418,100,00,,
286,20,Joules,energy-pkg,6500482102,100,00,,
212,64,Joules,energy-cores,6500482384,100,00,,
6486797099,ns,duration_time,6486797099,100,00,,
286,26,Joules,energy-pkg,6486736486,100,00,,
212,89,Joules,energy-cores,6486737565,100,00,,
