7342180065,ns,duration_time,7342180065,100,00,,
230,24,Joules,energy-pkg,7342131346,100,00,,
141,82,Joules,energy-cores,7342132414,100,00,,
7347754235,ns,duration_time,7347754235,100,00,,
229,83,Joules,energy-pkg,7347698171,100,00,,
141,62,Joules,energy-cores,7347699144,100,00,,
7352214758,ns,duration_time,7352214758,100,00,,
230,27,Joules,energy-pkg,7352166127,100,00,,
141,94,Joules,energy-cores,7352166275,100,00,,
7340123066,ns,duration_time,7340123066,100,00,,
230,57,Joules,energy-pkg,7340069689,100,00,,
142,01,Joules,energy-cores,7340069510,100,00,,
7350655292,ns,duration_time,7350655292,100,00,,
229,81,Joules,energy-pkg,7350597405,100,00,,
141,60,Joules,energy-cores,7350597489,100,00,,
