14330812352,ns,duration_time,14330812352,100,00,,
406,37,Joules,energy-pkg,14330727475,100,00,,
242,16,Joules,energy-cores,14330728502,100,00,,
14360082304,ns,duration_time,14360082304,100,00,,
408,06,Joules,energy-pkg,14359982787,100,00,,
243,31,Joules,energy-cores,14359984003,100,00,,
14333730805,ns,duration_time,14333730805,100,00,,
408,51,Joules,energy-pkg,14333630912,100,00,,
243,73,Joules,energy-cores,14333631215,100,00,,
14332464528,ns,duration_time,14332464528,100,00,,
407,98,Joules,energy-pkg,14332346240,100,00,,
243,34,Joules,energy-cores,14332346994,100,00,,
14348947137,ns,duration_time,14348947137,100,00,,
408,77,Joules,energy-pkg,14348820443,100,00,,
243,63,Joules,energy-cores,14348821518,100,00,,
