34657803276,ns,duration_time,34657803276,100,00,,
1295,81,Joules,energy-pkg,34657486363,100,00,,
850,15,Joules,energy-cores,34657486423,100,00,,
34717135126,ns,duration_time,34717135126,100,00,,
1294,30,Joules,energy-pkg,34716793081,100,00,,
848,97,Joules,energy-cores,34716793559,100,00,,
34696176416,ns,duration_time,34696176416,100,00,,
1289,47,Joules,energy-pkg,34695832577,100,00,,
847,70,Joules,energy-cores,34695832822,100,00,,
34839888825,ns,duration_time,34839888825,100,00,,
1296,20,Joules,energy-pkg,34839540193,100,00,,
853,09,Joules,energy-cores,34839540624,100,00,,
34623031318,ns,duration_time,34623031318,100,00,,
1289,97,Joules,energy-pkg,34622673006,100,00,,
845,35,Joules,energy-cores,34622683961,100,00,,
