30971557942,ns,duration_time,30971557942,100,00,,
2110,22,Joules,energy-pkg,30971142324,100,00,,
1749,51,Joules,energy-cores,30971142407,100,00,,
31005123589,ns,duration_time,31005123589,100,00,,
2128,36,Joules,energy-pkg,31004716386,100,00,,
1765,97,Joules,energy-cores,31004716714,100,00,,
31016929715,ns,duration_time,31016929715,100,00,,
2139,05,Joules,energy-pkg,31016531295,100,00,,
1776,20,Joules,energy-cores,31016531660,100,00,,
30988049000,ns,duration_time,30988049000,100,00,,
2143,55,Joules,energy-pkg,30987657955,100,00,,
1780,26,Joules,energy-cores,30987658473,100,00,,
31010765694,ns,duration_time,31010765694,100,00,,
2147,84,Joules,energy-pkg,31010386553,100,00,,
1784,27,Joules,energy-cores,31010387371,100,00,,
