46755106596,ns,duration_time,46755106596,100,00,,
1591,71,Joules,energy-pkg,46754656869,100,00,,
1013,48,Joules,energy-cores,46754667591,100,00,,
46752928179,ns,duration_time,46752928179,100,00,,
1593,18,Joules,energy-pkg,46752456453,100,00,,
1014,57,Joules,energy-cores,46752466878,100,00,,
46741968634,ns,duration_time,46741968634,100,00,,
1593,28,Joules,energy-pkg,46741492594,100,00,,
1013,91,Joules,energy-cores,46741503536,100,00,,
46721895782,ns,duration_time,46721895782,100,00,,
1592,64,Joules,energy-pkg,46721416215,100,00,,
1013,42,Joules,energy-cores,46721427110,100,00,,
46732297742,ns,duration_time,46732297742,100,00,,
1594,54,Joules,energy-pkg,46731816616,100,00,,
1014,66,Joules,energy-cores,46731827502,100,00,,
