38804095583,ns,duration_time,38804095583,100,00,,
1384,62,Joules,energy-pkg,38803719483,100,00,,
895,39,Joules,energy-cores,38803729827,100,00,,
38901357357,ns,duration_time,38901357357,100,00,,
1388,41,Joules,energy-pkg,38900963050,100,00,,
897,84,Joules,energy-cores,38900973605,100,00,,
38741753061,ns,duration_time,38741753061,100,00,,
1384,15,Joules,energy-pkg,38741357750,100,00,,
894,71,Joules,energy-cores,38741367867,100,00,,
38801803007,ns,duration_time,38801803007,100,00,,
1386,75,Joules,energy-pkg,38801403217,100,00,,
896,29,Joules,energy-cores,38801413907,100,00,,
38821420386,ns,duration_time,38821420386,100,00,,
1387,89,Joules,energy-pkg,38821018966,100,00,,
896,92,Joules,energy-cores,38821029765,100,00,,
