46474796345,ns,duration_time,46474796345,100,00,,
2041,10,Joules,energy-pkg,46474258121,100,00,,
1482,06,Joules,energy-cores,46474258811,100,00,,
46963941097,ns,duration_time,46963941097,100,00,,
2038,78,Joules,energy-pkg,46963427451,100,00,,
1474,42,Joules,energy-cores,46963428214,100,00,,
46498666676,ns,duration_time,46498666676,100,00,,
2027,61,Joules,energy-pkg,46498136920,100,00,,
1469,29,Joules,energy-cores,46498137123,100,00,,
46477503607,ns,duration_time,46477503607,100,00,,
2025,36,Joules,energy-pkg,46476980211,100,00,,
1467,44,Joules,energy-cores,46476980261,100,00,,
46489075561,ns,duration_time,46489075561,100,00,,
2026,07,Joules,energy-pkg,46488555374,100,00,,
1468,23,Joules,energy-cores,46488555354,100,00,,
