31998103798,ns,duration_time,31998103798,100,00,,
1673,59,Joules,energy-pkg,31997733963,100,00,,
1274,62,Joules,energy-cores,31997734053,100,00,,
32928872679,ns,duration_time,32928872679,100,00,,
1674,79,Joules,energy-pkg,32928494079,100,00,,
1263,74,Joules,energy-cores,32928494103,100,00,,
32218901882,ns,duration_time,32218901882,100,00,,
1647,77,Joules,energy-pkg,32218535068,100,00,,
1246,18,Joules,energy-cores,32218536040,100,00,,
31985642192,ns,duration_time,31985642192,100,00,,
1643,79,Joules,energy-pkg,31985281423,100,00,,
1245,47,Joules,energy-cores,31985281600,100,00,,
32399363951,ns,duration_time,32399363951,100,00,,
1649,84,Joules,energy-pkg,32399000964,100,00,,
1246,32,Joules,energy-cores,32399001614,100,00,,
