29656907152,ns,duration_time,29656907152,100,00,,
2009,36,Joules,energy-pkg,29656503774,100,00,,
1659,92,Joules,energy-cores,29656504436,100,00,,
28895801662,ns,duration_time,28895801662,100,00,,
1999,33,Joules,energy-pkg,28895419142,100,00,,
1657,55,Joules,energy-cores,28895419373,100,00,,
28895446791,ns,duration_time,28895446791,100,00,,
2010,19,Joules,energy-pkg,28895069015,100,00,,
1667,29,Joules,energy-cores,28895069054,100,00,,
28948142457,ns,duration_time,28948142457,100,00,,
2018,85,Joules,energy-pkg,28947773406,100,00,,
1675,16,Joules,energy-cores,28947774096,100,00,,
28935111514,ns,duration_time,28935111514,100,00,,
2019,21,Joules,energy-pkg,28934750047,100,00,,
1675,32,Joules,energy-cores,28934750427,100,00,,
