62904176575,ns,duration_time,62904176575,100,00,,
2022,28,Joules,energy-pkg,62903591169,100,00,,
1262,35,Joules,energy-cores,62903590980,100,00,,
63004941449,ns,duration_time,63004941449,100,00,,
2025,32,Joules,energy-pkg,63004309331,100,00,,
1264,29,Joules,energy-cores,63004319709,100,00,,
62955015290,ns,duration_time,62955015290,100,00,,
2022,58,Joules,energy-pkg,62954378257,100,00,,
1261,09,Joules,energy-cores,62954389438,100,00,,
62949118580,ns,duration_time,62949118580,100,00,,
2022,97,Joules,energy-pkg,62948475323,100,00,,
1262,07,Joules,energy-cores,62948485918,100,00,,
62929314611,ns,duration_time,62929314611,100,00,,
2024,02,Joules,energy-pkg,62928669627,100,00,,
1262,86,Joules,energy-cores,62928680598,100,00,,
