34737643640,ns,duration_time,34737643640,100,00,,
1304,48,Joules,energy-pkg,34737320978,100,00,,
857,12,Joules,energy-cores,34737332183,100,00,,
34976234900,ns,duration_time,34976234900,100,00,,
1300,26,Joules,energy-pkg,34975896924,100,00,,
853,13,Joules,energy-cores,34975897002,100,00,,
34687776801,ns,duration_time,34687776801,100,00,,
1296,95,Joules,energy-pkg,34687429323,100,00,,
850,31,Joules,energy-cores,34687429594,100,00,,
34748355844,ns,duration_time,34748355844,100,00,,
1296,17,Joules,energy-pkg,34748009121,100,00,,
849,35,Joules,energy-cores,34748009708,100,00,,
34645866759,ns,duration_time,34645866759,100,00,,
1294,36,Joules,energy-pkg,34645519088,100,00,,
848,08,Joules,energy-cores,34645519656,100,00,,
