28920157027,ns,duration_time,28920157027,100,00,,
1521,37,Joules,energy-pkg,28919901303,100,00,,
1154,24,Joules,energy-cores,28919901564,100,00,,
29175658743,ns,duration_time,29175658743,100,00,,
1532,50,Joules,energy-pkg,29175363663,100,00,,
1165,93,Joules,energy-cores,29175374812,100,00,,
29107661979,ns,duration_time,29107661979,100,00,,
1528,66,Joules,energy-pkg,29107372302,100,00,,
1165,74,Joules,energy-cores,29107372709,100,00,,
29144452656,ns,duration_time,29144452656,100,00,,
1523,14,Joules,energy-pkg,29144164078,100,00,,
1155,45,Joules,energy-cores,29144164407,100,00,,
29039702578,ns,duration_time,29039702578,100,00,,
1530,85,Joules,energy-pkg,29039414940,100,00,,
1164,71,Joules,energy-cores,29039415384,100,00,,
