34904380586,ns,duration_time,34904380586,100,00,,
1294,71,Joules,energy-pkg,34904082543,100,00,,
846,31,Joules,energy-cores,34904082736,100,00,,
34667300752,ns,duration_time,34667300752,100,00,,
1295,02,Joules,energy-pkg,34666967773,100,00,,
848,96,Joules,energy-cores,34666968069,100,00,,
34780949014,ns,duration_time,34780949014,100,00,,
1290,35,Joules,energy-pkg,34780605448,100,00,,
844,79,Joules,energy-cores,34780605398,100,00,,
34681420801,ns,duration_time,34681420801,100,00,,
1296,12,Joules,energy-pkg,34681062760,100,00,,
850,22,Joules,energy-cores,34681073723,100,00,,
34636681016,ns,duration_time,34636681016,100,00,,
1293,17,Joules,energy-pkg,34636331577,100,00,,
848,06,Joules,energy-cores,34636332165,100,00,,
