32494417773,ns,duration_time,32494417773,100,00,,
2107,15,Joules,energy-pkg,32494140566,100,00,,
1733,38,Joules,energy-cores,32494140688,100,00,,
32456375351,ns,duration_time,32456375351,100,00,,
2117,65,Joules,energy-pkg,32456062006,100,00,,
1743,80,Joules,energy-cores,32456062760,100,00,,
32473596162,ns,duration_time,32473596162,100,00,,
2108,94,Joules,energy-pkg,32473274828,100,00,,
1735,34,Joules,energy-cores,32473275085,100,00,,
32487837321,ns,duration_time,32487837321,100,00,,
2115,29,Joules,energy-pkg,32487518531,100,00,,
1740,96,Joules,energy-cores,32487518769,100,00,,
32482317374,ns,duration_time,32482317374,100,00,,
2112,27,Joules,energy-pkg,32481992044,100,00,,
1737,99,Joules,energy-cores,32481991813,100,00,,
