29224344182,ns,duration_time,29224344182,100,00,,
1524,78,Joules,energy-pkg,29224096952,100,00,,
1161,09,Joules,energy-cores,29224097408,100,00,,
29004019330,ns,duration_time,29004019330,100,00,,
1512,16,Joules,energy-pkg,29003747264,100,00,,
1146,29,Joules,energy-cores,29003747594,100,00,,
29249900436,ns,duration_time,29249900436,100,00,,
1526,36,Joules,energy-pkg,29249612196,100,00,,
1162,79,Joules,energy-cores,29249612309,100,00,,
28999777828,ns,duration_time,28999777828,100,00,,
1515,82,Joules,energy-pkg,28999489184,100,00,,
1149,22,Joules,energy-cores,28999489658,100,00,,
29083358832,ns,duration_time,29083358832,100,00,,
1525,55,Joules,energy-pkg,29083069963,100,00,,
1160,19,Joules,energy-cores,29083070166,100,00,,
