28519800950,ns,duration_time,28519800950,100,00,,
1885,37,Joules,energy-pkg,28519561730,100,00,,
1549,01,Joules,energy-cores,28519562220,100,00,,
28533791275,ns,duration_time,28533791275,100,00,,
1893,73,Joules,energy-pkg,28533519364,100,00,,
1557,13,Joules,energy-cores,28533519804,100,00,,
28580440540,ns,duration_time,28580440540,100,00,,
1897,24,Joules,energy-pkg,28580156671,100,00,,
1560,10,Joules,energy-cores,28580157187,100,00,,
28529234611,ns,duration_time,28529234611,100,00,,
1897,20,Joules,energy-pkg,28528950668,100,00,,
1560,25,Joules,energy-cores,28528950924,100,00,,
28516674543,ns,duration_time,28516674543,100,00,,
1898,12,Joules,energy-pkg,28516388678,100,00,,
1561,34,Joules,energy-cores,28516389376,100,00,,
