29135626757,ns,duration_time,29135626757,100,00,,
1526,79,Joules,energy-pkg,29135350651,100,00,,
1159,87,Joules,energy-cores,29135359964,100,00,,
29132952768,ns,duration_time,29132952768,100,00,,
1518,02,Joules,energy-pkg,29132667621,100,00,,
1151,55,Joules,energy-cores,29132667758,100,00,,
29002302680,ns,duration_time,29002302680,100,00,,
1519,35,Joules,energy-pkg,29002011260,100,00,,
1153,39,Joules,energy-cores,29002011672,100,00,,
29119912657,ns,duration_time,29119912657,100,00,,
1523,43,Joules,energy-pkg,29119612524,100,00,,
1157,19,Joules,energy-cores,29119621504,100,00,,
29155615564,ns,duration_time,29155615564,100,00,,
1521,63,Joules,energy-pkg,29155309944,100,00,,
1154,82,Joules,energy-cores,29155321101,100,00,,
