33063377736,ns,duration_time,33063377736,100,00,,
1670,51,Joules,energy-pkg,33063080017,100,00,,
1262,38,Joules,energy-cores,33063080068,100,00,,
33144918143,ns,duration_time,33144918143,100,00,,
1668,12,Joules,energy-pkg,33144583301,100,00,,
1260,27,Joules,energy-cores,33144594330,100,00,,
33202231349,ns,duration_time,33202231349,100,00,,
1670,18,Joules,energy-pkg,33201902424,100,00,,
1260,32,Joules,energy-cores,33201902539,100,00,,
33268615983,ns,duration_time,33268615983,100,00,,
1676,89,Joules,energy-pkg,33268271361,100,00,,
1267,62,Joules,energy-cores,33268282016,100,00,,
33098562890,ns,duration_time,33098562890,100,00,,
1671,21,Joules,energy-pkg,33098233376,100,00,,
1263,06,Joules,energy-cores,33098233920,100,00,,
