28472123954,ns,duration_time,28472123954,100,00,,
1898,86,Joules,energy-pkg,28471873910,100,00,,
1563,65,Joules,energy-cores,28471874143,100,00,,
28424681313,ns,duration_time,28424681313,100,00,,
1912,29,Joules,energy-pkg,28424394499,100,00,,
1577,15,Joules,energy-cores,28424405510,100,00,,
28481595571,ns,duration_time,28481595571,100,00,,
1900,09,Joules,energy-pkg,28481314126,100,00,,
1564,72,Joules,energy-cores,28481314465,100,00,,
28438835179,ns,duration_time,28438835179,100,00,,
1909,02,Joules,energy-pkg,28438551987,100,00,,
1573,71,Joules,energy-cores,28438552099,100,00,,
28466457385,ns,duration_time,28466457385,100,00,,
1906,01,Joules,energy-pkg,28466161590,100,00,,
1569,96,Joules,energy-cores,28466172222,100,00,,
