35487118392,ns,duration_time,35487118392,100,00,,
2059,36,Joules,energy-pkg,35486685069,100,00,,
1636,97,Joules,energy-cores,35486684903,100,00,,
35440698526,ns,duration_time,35440698526,100,00,,
2047,18,Joules,energy-pkg,35440269112,100,00,,
1626,19,Joules,energy-cores,35440269388,100,00,,
35473673704,ns,duration_time,35473673704,100,00,,
2042,89,Joules,energy-pkg,35473251840,100,00,,
1621,72,Joules,energy-cores,35473251914,100,00,,
35507477725,ns,duration_time,35507477725,100,00,,
2038,97,Joules,energy-pkg,35507060334,100,00,,
1617,21,Joules,energy-cores,35507060326,100,00,,
35441122980,ns,duration_time,35441122980,100,00,,
2035,30,Joules,energy-pkg,35440709803,100,00,,
1613,90,Joules,energy-cores,35440710241,100,00,,
