41026537668,ns,duration_time,41026537668,100,00,,
1965,55,Joules,energy-pkg,41026157529,100,00,,
1476,82,Joules,energy-cores,41026167565,100,00,,
41167890028,ns,duration_time,41167890028,100,00,,
1967,89,Joules,energy-pkg,41167490778,100,00,,
1478,28,Joules,energy-cores,41167490931,100,00,,
41019641092,ns,duration_time,41019641092,100,00,,
1963,61,Joules,energy-pkg,41019233385,100,00,,
1474,61,Joules,energy-cores,41019233472,100,00,,
41044165580,ns,duration_time,41044165580,100,00,,
1971,75,Joules,energy-pkg,41043752564,100,00,,
1481,88,Joules,energy-cores,41043753121,100,00,,
41153779445,ns,duration_time,41153779445,100,00,,
1969,80,Joules,energy-pkg,41153357109,100,00,,
1478,83,Joules,energy-cores,41153366657,100,00,,
