30070080375,ns,duration_time,30070080375,100,00,,
1970,88,Joules,energy-pkg,30069832381,100,00,,
1616,28,Joules,energy-cores,30069832572,100,00,,
29347607479,ns,duration_time,29347607479,100,00,,
1956,26,Joules,energy-pkg,29347317308,100,00,,
1610,43,Joules,energy-cores,29347317830,100,00,,
29822018922,ns,duration_time,29822018922,100,00,,
1975,15,Joules,energy-pkg,29821723413,100,00,,
1623,62,Joules,energy-cores,29821723513,100,00,,
29375074063,ns,duration_time,29375074063,100,00,,
1960,20,Joules,energy-pkg,29374783816,100,00,,
1613,69,Joules,energy-cores,29374784041,100,00,,
29364250234,ns,duration_time,29364250234,100,00,,
1959,47,Joules,energy-pkg,29363958159,100,00,,
1613,14,Joules,energy-cores,29363958111,100,00,,
