34672451082,ns,duration_time,34672451082,100,00,,
1276,64,Joules,energy-pkg,34672112359,100,00,,
833,01,Joules,energy-cores,34672122700,100,00,,
34810225719,ns,duration_time,34810225719,100,00,,
1282,72,Joules,energy-pkg,34809870809,100,00,,
837,41,Joules,energy-cores,34809881301,100,00,,
34709577572,ns,duration_time,34709577572,100,00,,
1279,18,Joules,energy-pkg,34709219894,100,00,,
834,67,Joules,energy-cores,34709220741,100,00,,
34719640262,ns,duration_time,34719640262,100,00,,
1280,32,Joules,energy-pkg,34719283942,100,00,,
835,58,Joules,energy-cores,34719283824,100,00,,
34709955472,ns,duration_time,34709955472,100,00,,
1279,19,Joules,energy-pkg,34709595844,100,00,,
834,14,Joules,energy-cores,34709606604,100,00,,
