29312708521,ns,duration_time,29312708521,100,00,,
1827,41,Joules,energy-pkg,29312348728,100,00,,
1468,61,Joules,energy-cores,29312348753,100,00,,
29577956582,ns,duration_time,29577956582,100,00,,
1811,17,Joules,energy-pkg,29577597510,100,00,,
1449,37,Joules,energy-cores,29577597890,100,00,,
29271874731,ns,duration_time,29271874731,100,00,,
1798,97,Joules,energy-pkg,29271522428,100,00,,
1441,42,Joules,energy-cores,29271523041,100,00,,
29296398776,ns,duration_time,29296398776,100,00,,
1795,90,Joules,energy-pkg,29296054359,100,00,,
1438,12,Joules,energy-cores,29296054306,100,00,,
29616921824,ns,duration_time,29616921824,100,00,,
1798,08,Joules,energy-pkg,29616575552,100,00,,
1436,43,Joules,energy-cores,29616575602,100,00,,
